SimulationTime 1200
SimulationStepTime 60
Conductivity 1.0
Alfa 25
Tot 0
InitialTemp 20
Density 2500
SpecificHeat 750
Nodes number 1539
Elements number 1440
*Material
1, Glass, 1.0, 2500, 750
2, Air, 0.025, 1.2, 1005
*Node
      1,  0.00000000,  0.00000000
      2,  0.00500000,  0.00000000
      3,  0.01000000,  0.00000000
      4,  0.01500000,  0.00000000
      5,  0.02000000,  0.00000000
      6,  0.02500000,  0.00000000
      7,  0.03000000,  0.00000000
      8,  0.03500000,  0.00000000
      9,  0.04000000,  0.00000000
     10,  0.04500000,  0.00000000
     11,  0.05000000,  0.00000000
     12,  0.05500000,  0.00000000
     13,  0.06000000,  0.00000000
     14,  0.06500000,  0.00000000
     15,  0.07000000,  0.00000000
     16,  0.07500000,  0.00000000
     17,  0.08000000,  0.00000000
     18,  0.08500000,  0.00000000
     19,  0.09000000,  0.00000000
     20,  0.00000000,  0.01000000
     21,  0.00500000,  0.01000000
     22,  0.01000000,  0.01000000
     23,  0.01500000,  0.01000000
     24,  0.02000000,  0.01000000
     25,  0.02500000,  0.01000000
     26,  0.03000000,  0.01000000
     27,  0.03500000,  0.01000000
     28,  0.04000000,  0.01000000
     29,  0.04500000,  0.01000000
     30,  0.05000000,  0.01000000
     31,  0.05500000,  0.01000000
     32,  0.06000000,  0.01000000
     33,  0.06500000,  0.01000000
     34,  0.07000000,  0.01000000
     35,  0.07500000,  0.01000000
     36,  0.08000000,  0.01000000
     37,  0.08500000,  0.01000000
     38,  0.09000000,  0.01000000
     39,  0.00000000,  0.02000000
     40,  0.00500000,  0.02000000
     41,  0.01000000,  0.02000000
     42,  0.01500000,  0.02000000
     43,  0.02000000,  0.02000000
     44,  0.02500000,  0.02000000
     45,  0.03000000,  0.02000000
     46,  0.03500000,  0.02000000
     47,  0.04000000,  0.02000000
     48,  0.04500000,  0.02000000
     49,  0.05000000,  0.02000000
     50,  0.05500000,  0.02000000
     51,  0.06000000,  0.02000000
     52,  0.06500000,  0.02000000
     53,  0.07000000,  0.02000000
     54,  0.07500000,  0.02000000
     55,  0.08000000,  0.02000000
     56,  0.08500000,  0.02000000
     57,  0.09000000,  0.02000000
     58,  0.00000000,  0.03000000
     59,  0.00500000,  0.03000000
     60,  0.01000000,  0.03000000
     61,  0.01500000,  0.03000000
     62,  0.02000000,  0.03000000
     63,  0.02500000,  0.03000000
     64,  0.03000000,  0.03000000
     65,  0.03500000,  0.03000000
     66,  0.04000000,  0.03000000
     67,  0.04500000,  0.03000000
     68,  0.05000000,  0.03000000
     69,  0.05500000,  0.03000000
     70,  0.06000000,  0.03000000
     71,  0.06500000,  0.03000000
     72,  0.07000000,  0.03000000
     73,  0.07500000,  0.03000000
     74,  0.08000000,  0.03000000
     75,  0.08500000,  0.03000000
     76,  0.09000000,  0.03000000
     77,  0.00000000,  0.04000000
     78,  0.00500000,  0.04000000
     79,  0.01000000,  0.04000000
     80,  0.01500000,  0.04000000
     81,  0.02000000,  0.04000000
     82,  0.02500000,  0.04000000
     83,  0.03000000,  0.04000000
     84,  0.03500000,  0.04000000
     85,  0.04000000,  0.04000000
     86,  0.04500000,  0.04000000
     87,  0.05000000,  0.04000000
     88,  0.05500000,  0.04000000
     89,  0.06000000,  0.04000000
     90,  0.06500000,  0.04000000
     91,  0.07000000,  0.04000000
     92,  0.07500000,  0.04000000
     93,  0.08000000,  0.04000000
     94,  0.08500000,  0.04000000
     95,  0.09000000,  0.04000000
     96,  0.00000000,  0.05000000
     97,  0.00500000,  0.05000000
     98,  0.01000000,  0.05000000
     99,  0.01500000,  0.05000000
    100,  0.02000000,  0.05000000
    101,  0.02500000,  0.05000000
    102,  0.03000000,  0.05000000
    103,  0.03500000,  0.05000000
    104,  0.04000000,  0.05000000
    105,  0.04500000,  0.05000000
    106,  0.05000000,  0.05000000
    107,  0.05500000,  0.05000000
    108,  0.06000000,  0.05000000
    109,  0.06500000,  0.05000000
    110,  0.07000000,  0.05000000
    111,  0.07500000,  0.05000000
    112,  0.08000000,  0.05000000
    113,  0.08500000,  0.05000000
    114,  0.09000000,  0.05000000
    115,  0.00000000,  0.06000000
    116,  0.00500000,  0.06000000
    117,  0.01000000,  0.06000000
    118,  0.01500000,  0.06000000
    119,  0.02000000,  0.06000000
    120,  0.02500000,  0.06000000
    121,  0.03000000,  0.06000000
    122,  0.03500000,  0.06000000
    123,  0.04000000,  0.06000000
    124,  0.04500000,  0.06000000
    125,  0.05000000,  0.06000000
    126,  0.05500000,  0.06000000
    127,  0.06000000,  0.06000000
    128,  0.06500000,  0.06000000
    129,  0.07000000,  0.06000000
    130,  0.07500000,  0.06000000
    131,  0.08000000,  0.06000000
    132,  0.08500000,  0.06000000
    133,  0.09000000,  0.06000000
    134,  0.00000000,  0.07000000
    135,  0.00500000,  0.07000000
    136,  0.01000000,  0.07000000
    137,  0.01500000,  0.07000000
    138,  0.02000000,  0.07000000
    139,  0.02500000,  0.07000000
    140,  0.03000000,  0.07000000
    141,  0.03500000,  0.07000000
    142,  0.04000000,  0.07000000
    143,  0.04500000,  0.07000000
    144,  0.05000000,  0.07000000
    145,  0.05500000,  0.07000000
    146,  0.06000000,  0.07000000
    147,  0.06500000,  0.07000000
    148,  0.07000000,  0.07000000
    149,  0.07500000,  0.07000000
    150,  0.08000000,  0.07000000
    151,  0.08500000,  0.07000000
    152,  0.09000000,  0.07000000
    153,  0.00000000,  0.08000000
    154,  0.00500000,  0.08000000
    155,  0.01000000,  0.08000000
    156,  0.01500000,  0.08000000
    157,  0.02000000,  0.08000000
    158,  0.02500000,  0.08000000
    159,  0.03000000,  0.08000000
    160,  0.03500000,  0.08000000
    161,  0.04000000,  0.08000000
    162,  0.04500000,  0.08000000
    163,  0.05000000,  0.08000000
    164,  0.05500000,  0.08000000
    165,  0.06000000,  0.08000000
    166,  0.06500000,  0.08000000
    167,  0.07000000,  0.08000000
    168,  0.07500000,  0.08000000
    169,  0.08000000,  0.08000000
    170,  0.08500000,  0.08000000
    171,  0.09000000,  0.08000000
    172,  0.00000000,  0.09000000
    173,  0.00500000,  0.09000000
    174,  0.01000000,  0.09000000
    175,  0.01500000,  0.09000000
    176,  0.02000000,  0.09000000
    177,  0.02500000,  0.09000000
    178,  0.03000000,  0.09000000
    179,  0.03500000,  0.09000000
    180,  0.04000000,  0.09000000
    181,  0.04500000,  0.09000000
    182,  0.05000000,  0.09000000
    183,  0.05500000,  0.09000000
    184,  0.06000000,  0.09000000
    185,  0.06500000,  0.09000000
    186,  0.07000000,  0.09000000
    187,  0.07500000,  0.09000000
    188,  0.08000000,  0.09000000
    189,  0.08500000,  0.09000000
    190,  0.09000000,  0.09000000
    191,  0.00000000,  0.10000000
    192,  0.00500000,  0.10000000
    193,  0.01000000,  0.10000000
    194,  0.01500000,  0.10000000
    195,  0.02000000,  0.10000000
    196,  0.02500000,  0.10000000
    197,  0.03000000,  0.10000000
    198,  0.03500000,  0.10000000
    199,  0.04000000,  0.10000000
    200,  0.04500000,  0.10000000
    201,  0.05000000,  0.10000000
    202,  0.05500000,  0.10000000
    203,  0.06000000,  0.10000000
    204,  0.06500000,  0.10000000
    205,  0.07000000,  0.10000000
    206,  0.07500000,  0.10000000
    207,  0.08000000,  0.10000000
    208,  0.08500000,  0.10000000
    209,  0.09000000,  0.10000000
    210,  0.00000000,  0.11000000
    211,  0.00500000,  0.11000000
    212,  0.01000000,  0.11000000
    213,  0.01500000,  0.11000000
    214,  0.02000000,  0.11000000
    215,  0.02500000,  0.11000000
    216,  0.03000000,  0.11000000
    217,  0.03500000,  0.11000000
    218,  0.04000000,  0.11000000
    219,  0.04500000,  0.11000000
    220,  0.05000000,  0.11000000
    221,  0.05500000,  0.11000000
    222,  0.06000000,  0.11000000
    223,  0.06500000,  0.11000000
    224,  0.07000000,  0.11000000
    225,  0.07500000,  0.11000000
    226,  0.08000000,  0.11000000
    227,  0.08500000,  0.11000000
    228,  0.09000000,  0.11000000
    229,  0.00000000,  0.12000000
    230,  0.00500000,  0.12000000
    231,  0.01000000,  0.12000000
    232,  0.01500000,  0.12000000
    233,  0.02000000,  0.12000000
    234,  0.02500000,  0.12000000
    235,  0.03000000,  0.12000000
    236,  0.03500000,  0.12000000
    237,  0.04000000,  0.12000000
    238,  0.04500000,  0.12000000
    239,  0.05000000,  0.12000000
    240,  0.05500000,  0.12000000
    241,  0.06000000,  0.12000000
    242,  0.06500000,  0.12000000
    243,  0.07000000,  0.12000000
    244,  0.07500000,  0.12000000
    245,  0.08000000,  0.12000000
    246,  0.08500000,  0.12000000
    247,  0.09000000,  0.12000000
    248,  0.00000000,  0.13000000
    249,  0.00500000,  0.13000000
    250,  0.01000000,  0.13000000
    251,  0.01500000,  0.13000000
    252,  0.02000000,  0.13000000
    253,  0.02500000,  0.13000000
    254,  0.03000000,  0.13000000
    255,  0.03500000,  0.13000000
    256,  0.04000000,  0.13000000
    257,  0.04500000,  0.13000000
    258,  0.05000000,  0.13000000
    259,  0.05500000,  0.13000000
    260,  0.06000000,  0.13000000
    261,  0.06500000,  0.13000000
    262,  0.07000000,  0.13000000
    263,  0.07500000,  0.13000000
    264,  0.08000000,  0.13000000
    265,  0.08500000,  0.13000000
    266,  0.09000000,  0.13000000
    267,  0.00000000,  0.14000000
    268,  0.00500000,  0.14000000
    269,  0.01000000,  0.14000000
    270,  0.01500000,  0.14000000
    271,  0.02000000,  0.14000000
    272,  0.02500000,  0.14000000
    273,  0.03000000,  0.14000000
    274,  0.03500000,  0.14000000
    275,  0.04000000,  0.14000000
    276,  0.04500000,  0.14000000
    277,  0.05000000,  0.14000000
    278,  0.05500000,  0.14000000
    279,  0.06000000,  0.14000000
    280,  0.06500000,  0.14000000
    281,  0.07000000,  0.14000000
    282,  0.07500000,  0.14000000
    283,  0.08000000,  0.14000000
    284,  0.08500000,  0.14000000
    285,  0.09000000,  0.14000000
    286,  0.00000000,  0.15000000
    287,  0.00500000,  0.15000000
    288,  0.01000000,  0.15000000
    289,  0.01500000,  0.15000000
    290,  0.02000000,  0.15000000
    291,  0.02500000,  0.15000000
    292,  0.03000000,  0.15000000
    293,  0.03500000,  0.15000000
    294,  0.04000000,  0.15000000
    295,  0.04500000,  0.15000000
    296,  0.05000000,  0.15000000
    297,  0.05500000,  0.15000000
    298,  0.06000000,  0.15000000
    299,  0.06500000,  0.15000000
    300,  0.07000000,  0.15000000
    301,  0.07500000,  0.15000000
    302,  0.08000000,  0.15000000
    303,  0.08500000,  0.15000000
    304,  0.09000000,  0.15000000
    305,  0.00000000,  0.16000000
    306,  0.00500000,  0.16000000
    307,  0.01000000,  0.16000000
    308,  0.01500000,  0.16000000
    309,  0.02000000,  0.16000000
    310,  0.02500000,  0.16000000
    311,  0.03000000,  0.16000000
    312,  0.03500000,  0.16000000
    313,  0.04000000,  0.16000000
    314,  0.04500000,  0.16000000
    315,  0.05000000,  0.16000000
    316,  0.05500000,  0.16000000
    317,  0.06000000,  0.16000000
    318,  0.06500000,  0.16000000
    319,  0.07000000,  0.16000000
    320,  0.07500000,  0.16000000
    321,  0.08000000,  0.16000000
    322,  0.08500000,  0.16000000
    323,  0.09000000,  0.16000000
    324,  0.00000000,  0.17000000
    325,  0.00500000,  0.17000000
    326,  0.01000000,  0.17000000
    327,  0.01500000,  0.17000000
    328,  0.02000000,  0.17000000
    329,  0.02500000,  0.17000000
    330,  0.03000000,  0.17000000
    331,  0.03500000,  0.17000000
    332,  0.04000000,  0.17000000
    333,  0.04500000,  0.17000000
    334,  0.05000000,  0.17000000
    335,  0.05500000,  0.17000000
    336,  0.06000000,  0.17000000
    337,  0.06500000,  0.17000000
    338,  0.07000000,  0.17000000
    339,  0.07500000,  0.17000000
    340,  0.08000000,  0.17000000
    341,  0.08500000,  0.17000000
    342,  0.09000000,  0.17000000
    343,  0.00000000,  0.18000000
    344,  0.00500000,  0.18000000
    345,  0.01000000,  0.18000000
    346,  0.01500000,  0.18000000
    347,  0.02000000,  0.18000000
    348,  0.02500000,  0.18000000
    349,  0.03000000,  0.18000000
    350,  0.03500000,  0.18000000
    351,  0.04000000,  0.18000000
    352,  0.04500000,  0.18000000
    353,  0.05000000,  0.18000000
    354,  0.05500000,  0.18000000
    355,  0.06000000,  0.18000000
    356,  0.06500000,  0.18000000
    357,  0.07000000,  0.18000000
    358,  0.07500000,  0.18000000
    359,  0.08000000,  0.18000000
    360,  0.08500000,  0.18000000
    361,  0.09000000,  0.18000000
    362,  0.00000000,  0.19000000
    363,  0.00500000,  0.19000000
    364,  0.01000000,  0.19000000
    365,  0.01500000,  0.19000000
    366,  0.02000000,  0.19000000
    367,  0.02500000,  0.19000000
    368,  0.03000000,  0.19000000
    369,  0.03500000,  0.19000000
    370,  0.04000000,  0.19000000
    371,  0.04500000,  0.19000000
    372,  0.05000000,  0.19000000
    373,  0.05500000,  0.19000000
    374,  0.06000000,  0.19000000
    375,  0.06500000,  0.19000000
    376,  0.07000000,  0.19000000
    377,  0.07500000,  0.19000000
    378,  0.08000000,  0.19000000
    379,  0.08500000,  0.19000000
    380,  0.09000000,  0.19000000
    381,  0.00000000,  0.20000000
    382,  0.00500000,  0.20000000
    383,  0.01000000,  0.20000000
    384,  0.01500000,  0.20000000
    385,  0.02000000,  0.20000000
    386,  0.02500000,  0.20000000
    387,  0.03000000,  0.20000000
    388,  0.03500000,  0.20000000
    389,  0.04000000,  0.20000000
    390,  0.04500000,  0.20000000
    391,  0.05000000,  0.20000000
    392,  0.05500000,  0.20000000
    393,  0.06000000,  0.20000000
    394,  0.06500000,  0.20000000
    395,  0.07000000,  0.20000000
    396,  0.07500000,  0.20000000
    397,  0.08000000,  0.20000000
    398,  0.08500000,  0.20000000
    399,  0.09000000,  0.20000000
    400,  0.00000000,  0.21000000
    401,  0.00500000,  0.21000000
    402,  0.01000000,  0.21000000
    403,  0.01500000,  0.21000000
    404,  0.02000000,  0.21000000
    405,  0.02500000,  0.21000000
    406,  0.03000000,  0.21000000
    407,  0.03500000,  0.21000000
    408,  0.04000000,  0.21000000
    409,  0.04500000,  0.21000000
    410,  0.05000000,  0.21000000
    411,  0.05500000,  0.21000000
    412,  0.06000000,  0.21000000
    413,  0.06500000,  0.21000000
    414,  0.07000000,  0.21000000
    415,  0.07500000,  0.21000000
    416,  0.08000000,  0.21000000
    417,  0.08500000,  0.21000000
    418,  0.09000000,  0.21000000
    419,  0.00000000,  0.22000000
    420,  0.00500000,  0.22000000
    421,  0.01000000,  0.22000000
    422,  0.01500000,  0.22000000
    423,  0.02000000,  0.22000000
    424,  0.02500000,  0.22000000
    425,  0.03000000,  0.22000000
    426,  0.03500000,  0.22000000
    427,  0.04000000,  0.22000000
    428,  0.04500000,  0.22000000
    429,  0.05000000,  0.22000000
    430,  0.05500000,  0.22000000
    431,  0.06000000,  0.22000000
    432,  0.06500000,  0.22000000
    433,  0.07000000,  0.22000000
    434,  0.07500000,  0.22000000
    435,  0.08000000,  0.22000000
    436,  0.08500000,  0.22000000
    437,  0.09000000,  0.22000000
    438,  0.00000000,  0.23000000
    439,  0.00500000,  0.23000000
    440,  0.01000000,  0.23000000
    441,  0.01500000,  0.23000000
    442,  0.02000000,  0.23000000
    443,  0.02500000,  0.23000000
    444,  0.03000000,  0.23000000
    445,  0.03500000,  0.23000000
    446,  0.04000000,  0.23000000
    447,  0.04500000,  0.23000000
    448,  0.05000000,  0.23000000
    449,  0.05500000,  0.23000000
    450,  0.06000000,  0.23000000
    451,  0.06500000,  0.23000000
    452,  0.07000000,  0.23000000
    453,  0.07500000,  0.23000000
    454,  0.08000000,  0.23000000
    455,  0.08500000,  0.23000000
    456,  0.09000000,  0.23000000
    457,  0.00000000,  0.24000000
    458,  0.00500000,  0.24000000
    459,  0.01000000,  0.24000000
    460,  0.01500000,  0.24000000
    461,  0.02000000,  0.24000000
    462,  0.02500000,  0.24000000
    463,  0.03000000,  0.24000000
    464,  0.03500000,  0.24000000
    465,  0.04000000,  0.24000000
    466,  0.04500000,  0.24000000
    467,  0.05000000,  0.24000000
    468,  0.05500000,  0.24000000
    469,  0.06000000,  0.24000000
    470,  0.06500000,  0.24000000
    471,  0.07000000,  0.24000000
    472,  0.07500000,  0.24000000
    473,  0.08000000,  0.24000000
    474,  0.08500000,  0.24000000
    475,  0.09000000,  0.24000000
    476,  0.00000000,  0.25000000
    477,  0.00500000,  0.25000000
    478,  0.01000000,  0.25000000
    479,  0.01500000,  0.25000000
    480,  0.02000000,  0.25000000
    481,  0.02500000,  0.25000000
    482,  0.03000000,  0.25000000
    483,  0.03500000,  0.25000000
    484,  0.04000000,  0.25000000
    485,  0.04500000,  0.25000000
    486,  0.05000000,  0.25000000
    487,  0.05500000,  0.25000000
    488,  0.06000000,  0.25000000
    489,  0.06500000,  0.25000000
    490,  0.07000000,  0.25000000
    491,  0.07500000,  0.25000000
    492,  0.08000000,  0.25000000
    493,  0.08500000,  0.25000000
    494,  0.09000000,  0.25000000
    495,  0.00000000,  0.26000000
    496,  0.00500000,  0.26000000
    497,  0.01000000,  0.26000000
    498,  0.01500000,  0.26000000
    499,  0.02000000,  0.26000000
    500,  0.02500000,  0.26000000
    501,  0.03000000,  0.26000000
    502,  0.03500000,  0.26000000
    503,  0.04000000,  0.26000000
    504,  0.04500000,  0.26000000
    505,  0.05000000,  0.26000000
    506,  0.05500000,  0.26000000
    507,  0.06000000,  0.26000000
    508,  0.06500000,  0.26000000
    509,  0.07000000,  0.26000000
    510,  0.07500000,  0.26000000
    511,  0.08000000,  0.26000000
    512,  0.08500000,  0.26000000
    513,  0.09000000,  0.26000000
    514,  0.00000000,  0.27000000
    515,  0.00500000,  0.27000000
    516,  0.01000000,  0.27000000
    517,  0.01500000,  0.27000000
    518,  0.02000000,  0.27000000
    519,  0.02500000,  0.27000000
    520,  0.03000000,  0.27000000
    521,  0.03500000,  0.27000000
    522,  0.04000000,  0.27000000
    523,  0.04500000,  0.27000000
    524,  0.05000000,  0.27000000
    525,  0.05500000,  0.27000000
    526,  0.06000000,  0.27000000
    527,  0.06500000,  0.27000000
    528,  0.07000000,  0.27000000
    529,  0.07500000,  0.27000000
    530,  0.08000000,  0.27000000
    531,  0.08500000,  0.27000000
    532,  0.09000000,  0.27000000
    533,  0.00000000,  0.28000000
    534,  0.00500000,  0.28000000
    535,  0.01000000,  0.28000000
    536,  0.01500000,  0.28000000
    537,  0.02000000,  0.28000000
    538,  0.02500000,  0.28000000
    539,  0.03000000,  0.28000000
    540,  0.03500000,  0.28000000
    541,  0.04000000,  0.28000000
    542,  0.04500000,  0.28000000
    543,  0.05000000,  0.28000000
    544,  0.05500000,  0.28000000
    545,  0.06000000,  0.28000000
    546,  0.06500000,  0.28000000
    547,  0.07000000,  0.28000000
    548,  0.07500000,  0.28000000
    549,  0.08000000,  0.28000000
    550,  0.08500000,  0.28000000
    551,  0.09000000,  0.28000000
    552,  0.00000000,  0.29000000
    553,  0.00500000,  0.29000000
    554,  0.01000000,  0.29000000
    555,  0.01500000,  0.29000000
    556,  0.02000000,  0.29000000
    557,  0.02500000,  0.29000000
    558,  0.03000000,  0.29000000
    559,  0.03500000,  0.29000000
    560,  0.04000000,  0.29000000
    561,  0.04500000,  0.29000000
    562,  0.05000000,  0.29000000
    563,  0.05500000,  0.29000000
    564,  0.06000000,  0.29000000
    565,  0.06500000,  0.29000000
    566,  0.07000000,  0.29000000
    567,  0.07500000,  0.29000000
    568,  0.08000000,  0.29000000
    569,  0.08500000,  0.29000000
    570,  0.09000000,  0.29000000
    571,  0.00000000,  0.30000000
    572,  0.00500000,  0.30000000
    573,  0.01000000,  0.30000000
    574,  0.01500000,  0.30000000
    575,  0.02000000,  0.30000000
    576,  0.02500000,  0.30000000
    577,  0.03000000,  0.30000000
    578,  0.03500000,  0.30000000
    579,  0.04000000,  0.30000000
    580,  0.04500000,  0.30000000
    581,  0.05000000,  0.30000000
    582,  0.05500000,  0.30000000
    583,  0.06000000,  0.30000000
    584,  0.06500000,  0.30000000
    585,  0.07000000,  0.30000000
    586,  0.07500000,  0.30000000
    587,  0.08000000,  0.30000000
    588,  0.08500000,  0.30000000
    589,  0.09000000,  0.30000000
    590,  0.00000000,  0.31000000
    591,  0.00500000,  0.31000000
    592,  0.01000000,  0.31000000
    593,  0.01500000,  0.31000000
    594,  0.02000000,  0.31000000
    595,  0.02500000,  0.31000000
    596,  0.03000000,  0.31000000
    597,  0.03500000,  0.31000000
    598,  0.04000000,  0.31000000
    599,  0.04500000,  0.31000000
    600,  0.05000000,  0.31000000
    601,  0.05500000,  0.31000000
    602,  0.06000000,  0.31000000
    603,  0.06500000,  0.31000000
    604,  0.07000000,  0.31000000
    605,  0.07500000,  0.31000000
    606,  0.08000000,  0.31000000
    607,  0.08500000,  0.31000000
    608,  0.09000000,  0.31000000
    609,  0.00000000,  0.32000000
    610,  0.00500000,  0.32000000
    611,  0.01000000,  0.32000000
    612,  0.01500000,  0.32000000
    613,  0.02000000,  0.32000000
    614,  0.02500000,  0.32000000
    615,  0.03000000,  0.32000000
    616,  0.03500000,  0.32000000
    617,  0.04000000,  0.32000000
    618,  0.04500000,  0.32000000
    619,  0.05000000,  0.32000000
    620,  0.05500000,  0.32000000
    621,  0.06000000,  0.32000000
    622,  0.06500000,  0.32000000
    623,  0.07000000,  0.32000000
    624,  0.07500000,  0.32000000
    625,  0.08000000,  0.32000000
    626,  0.08500000,  0.32000000
    627,  0.09000000,  0.32000000
    628,  0.00000000,  0.33000000
    629,  0.00500000,  0.33000000
    630,  0.01000000,  0.33000000
    631,  0.01500000,  0.33000000
    632,  0.02000000,  0.33000000
    633,  0.02500000,  0.33000000
    634,  0.03000000,  0.33000000
    635,  0.03500000,  0.33000000
    636,  0.04000000,  0.33000000
    637,  0.04500000,  0.33000000
    638,  0.05000000,  0.33000000
    639,  0.05500000,  0.33000000
    640,  0.06000000,  0.33000000
    641,  0.06500000,  0.33000000
    642,  0.07000000,  0.33000000
    643,  0.07500000,  0.33000000
    644,  0.08000000,  0.33000000
    645,  0.08500000,  0.33000000
    646,  0.09000000,  0.33000000
    647,  0.00000000,  0.34000000
    648,  0.00500000,  0.34000000
    649,  0.01000000,  0.34000000
    650,  0.01500000,  0.34000000
    651,  0.02000000,  0.34000000
    652,  0.02500000,  0.34000000
    653,  0.03000000,  0.34000000
    654,  0.03500000,  0.34000000
    655,  0.04000000,  0.34000000
    656,  0.04500000,  0.34000000
    657,  0.05000000,  0.34000000
    658,  0.05500000,  0.34000000
    659,  0.06000000,  0.34000000
    660,  0.06500000,  0.34000000
    661,  0.07000000,  0.34000000
    662,  0.07500000,  0.34000000
    663,  0.08000000,  0.34000000
    664,  0.08500000,  0.34000000
    665,  0.09000000,  0.34000000
    666,  0.00000000,  0.35000000
    667,  0.00500000,  0.35000000
    668,  0.01000000,  0.35000000
    669,  0.01500000,  0.35000000
    670,  0.02000000,  0.35000000
    671,  0.02500000,  0.35000000
    672,  0.03000000,  0.35000000
    673,  0.03500000,  0.35000000
    674,  0.04000000,  0.35000000
    675,  0.04500000,  0.35000000
    676,  0.05000000,  0.35000000
    677,  0.05500000,  0.35000000
    678,  0.06000000,  0.35000000
    679,  0.06500000,  0.35000000
    680,  0.07000000,  0.35000000
    681,  0.07500000,  0.35000000
    682,  0.08000000,  0.35000000
    683,  0.08500000,  0.35000000
    684,  0.09000000,  0.35000000
    685,  0.00000000,  0.36000000
    686,  0.00500000,  0.36000000
    687,  0.01000000,  0.36000000
    688,  0.01500000,  0.36000000
    689,  0.02000000,  0.36000000
    690,  0.02500000,  0.36000000
    691,  0.03000000,  0.36000000
    692,  0.03500000,  0.36000000
    693,  0.04000000,  0.36000000
    694,  0.04500000,  0.36000000
    695,  0.05000000,  0.36000000
    696,  0.05500000,  0.36000000
    697,  0.06000000,  0.36000000
    698,  0.06500000,  0.36000000
    699,  0.07000000,  0.36000000
    700,  0.07500000,  0.36000000
    701,  0.08000000,  0.36000000
    702,  0.08500000,  0.36000000
    703,  0.09000000,  0.36000000
    704,  0.00000000,  0.37000000
    705,  0.00500000,  0.37000000
    706,  0.01000000,  0.37000000
    707,  0.01500000,  0.37000000
    708,  0.02000000,  0.37000000
    709,  0.02500000,  0.37000000
    710,  0.03000000,  0.37000000
    711,  0.03500000,  0.37000000
    712,  0.04000000,  0.37000000
    713,  0.04500000,  0.37000000
    714,  0.05000000,  0.37000000
    715,  0.05500000,  0.37000000
    716,  0.06000000,  0.37000000
    717,  0.06500000,  0.37000000
    718,  0.07000000,  0.37000000
    719,  0.07500000,  0.37000000
    720,  0.08000000,  0.37000000
    721,  0.08500000,  0.37000000
    722,  0.09000000,  0.37000000
    723,  0.00000000,  0.38000000
    724,  0.00500000,  0.38000000
    725,  0.01000000,  0.38000000
    726,  0.01500000,  0.38000000
    727,  0.02000000,  0.38000000
    728,  0.02500000,  0.38000000
    729,  0.03000000,  0.38000000
    730,  0.03500000,  0.38000000
    731,  0.04000000,  0.38000000
    732,  0.04500000,  0.38000000
    733,  0.05000000,  0.38000000
    734,  0.05500000,  0.38000000
    735,  0.06000000,  0.38000000
    736,  0.06500000,  0.38000000
    737,  0.07000000,  0.38000000
    738,  0.07500000,  0.38000000
    739,  0.08000000,  0.38000000
    740,  0.08500000,  0.38000000
    741,  0.09000000,  0.38000000
    742,  0.00000000,  0.39000000
    743,  0.00500000,  0.39000000
    744,  0.01000000,  0.39000000
    745,  0.01500000,  0.39000000
    746,  0.02000000,  0.39000000
    747,  0.02500000,  0.39000000
    748,  0.03000000,  0.39000000
    749,  0.03500000,  0.39000000
    750,  0.04000000,  0.39000000
    751,  0.04500000,  0.39000000
    752,  0.05000000,  0.39000000
    753,  0.05500000,  0.39000000
    754,  0.06000000,  0.39000000
    755,  0.06500000,  0.39000000
    756,  0.07000000,  0.39000000
    757,  0.07500000,  0.39000000
    758,  0.08000000,  0.39000000
    759,  0.08500000,  0.39000000
    760,  0.09000000,  0.39000000
    761,  0.00000000,  0.40000000
    762,  0.00500000,  0.40000000
    763,  0.01000000,  0.40000000
    764,  0.01500000,  0.40000000
    765,  0.02000000,  0.40000000
    766,  0.02500000,  0.40000000
    767,  0.03000000,  0.40000000
    768,  0.03500000,  0.40000000
    769,  0.04000000,  0.40000000
    770,  0.04500000,  0.40000000
    771,  0.05000000,  0.40000000
    772,  0.05500000,  0.40000000
    773,  0.06000000,  0.40000000
    774,  0.06500000,  0.40000000
    775,  0.07000000,  0.40000000
    776,  0.07500000,  0.40000000
    777,  0.08000000,  0.40000000
    778,  0.08500000,  0.40000000
    779,  0.09000000,  0.40000000
    780,  0.00000000,  0.41000000
    781,  0.00500000,  0.41000000
    782,  0.01000000,  0.41000000
    783,  0.01500000,  0.41000000
    784,  0.02000000,  0.41000000
    785,  0.02500000,  0.41000000
    786,  0.03000000,  0.41000000
    787,  0.03500000,  0.41000000
    788,  0.04000000,  0.41000000
    789,  0.04500000,  0.41000000
    790,  0.05000000,  0.41000000
    791,  0.05500000,  0.41000000
    792,  0.06000000,  0.41000000
    793,  0.06500000,  0.41000000
    794,  0.07000000,  0.41000000
    795,  0.07500000,  0.41000000
    796,  0.08000000,  0.41000000
    797,  0.08500000,  0.41000000
    798,  0.09000000,  0.41000000
    799,  0.00000000,  0.42000000
    800,  0.00500000,  0.42000000
    801,  0.01000000,  0.42000000
    802,  0.01500000,  0.42000000
    803,  0.02000000,  0.42000000
    804,  0.02500000,  0.42000000
    805,  0.03000000,  0.42000000
    806,  0.03500000,  0.42000000
    807,  0.04000000,  0.42000000
    808,  0.04500000,  0.42000000
    809,  0.05000000,  0.42000000
    810,  0.05500000,  0.42000000
    811,  0.06000000,  0.42000000
    812,  0.06500000,  0.42000000
    813,  0.07000000,  0.42000000
    814,  0.07500000,  0.42000000
    815,  0.08000000,  0.42000000
    816,  0.08500000,  0.42000000
    817,  0.09000000,  0.42000000
    818,  0.00000000,  0.43000000
    819,  0.00500000,  0.43000000
    820,  0.01000000,  0.43000000
    821,  0.01500000,  0.43000000
    822,  0.02000000,  0.43000000
    823,  0.02500000,  0.43000000
    824,  0.03000000,  0.43000000
    825,  0.03500000,  0.43000000
    826,  0.04000000,  0.43000000
    827,  0.04500000,  0.43000000
    828,  0.05000000,  0.43000000
    829,  0.05500000,  0.43000000
    830,  0.06000000,  0.43000000
    831,  0.06500000,  0.43000000
    832,  0.07000000,  0.43000000
    833,  0.07500000,  0.43000000
    834,  0.08000000,  0.43000000
    835,  0.08500000,  0.43000000
    836,  0.09000000,  0.43000000
    837,  0.00000000,  0.44000000
    838,  0.00500000,  0.44000000
    839,  0.01000000,  0.44000000
    840,  0.01500000,  0.44000000
    841,  0.02000000,  0.44000000
    842,  0.02500000,  0.44000000
    843,  0.03000000,  0.44000000
    844,  0.03500000,  0.44000000
    845,  0.04000000,  0.44000000
    846,  0.04500000,  0.44000000
    847,  0.05000000,  0.44000000
    848,  0.05500000,  0.44000000
    849,  0.06000000,  0.44000000
    850,  0.06500000,  0.44000000
    851,  0.07000000,  0.44000000
    852,  0.07500000,  0.44000000
    853,  0.08000000,  0.44000000
    854,  0.08500000,  0.44000000
    855,  0.09000000,  0.44000000
    856,  0.00000000,  0.45000000
    857,  0.00500000,  0.45000000
    858,  0.01000000,  0.45000000
    859,  0.01500000,  0.45000000
    860,  0.02000000,  0.45000000
    861,  0.02500000,  0.45000000
    862,  0.03000000,  0.45000000
    863,  0.03500000,  0.45000000
    864,  0.04000000,  0.45000000
    865,  0.04500000,  0.45000000
    866,  0.05000000,  0.45000000
    867,  0.05500000,  0.45000000
    868,  0.06000000,  0.45000000
    869,  0.06500000,  0.45000000
    870,  0.07000000,  0.45000000
    871,  0.07500000,  0.45000000
    872,  0.08000000,  0.45000000
    873,  0.08500000,  0.45000000
    874,  0.09000000,  0.45000000
    875,  0.00000000,  0.46000000
    876,  0.00500000,  0.46000000
    877,  0.01000000,  0.46000000
    878,  0.01500000,  0.46000000
    879,  0.02000000,  0.46000000
    880,  0.02500000,  0.46000000
    881,  0.03000000,  0.46000000
    882,  0.03500000,  0.46000000
    883,  0.04000000,  0.46000000
    884,  0.04500000,  0.46000000
    885,  0.05000000,  0.46000000
    886,  0.05500000,  0.46000000
    887,  0.06000000,  0.46000000
    888,  0.06500000,  0.46000000
    889,  0.07000000,  0.46000000
    890,  0.07500000,  0.46000000
    891,  0.08000000,  0.46000000
    892,  0.08500000,  0.46000000
    893,  0.09000000,  0.46000000
    894,  0.00000000,  0.47000000
    895,  0.00500000,  0.47000000
    896,  0.01000000,  0.47000000
    897,  0.01500000,  0.47000000
    898,  0.02000000,  0.47000000
    899,  0.02500000,  0.47000000
    900,  0.03000000,  0.47000000
    901,  0.03500000,  0.47000000
    902,  0.04000000,  0.47000000
    903,  0.04500000,  0.47000000
    904,  0.05000000,  0.47000000
    905,  0.05500000,  0.47000000
    906,  0.06000000,  0.47000000
    907,  0.06500000,  0.47000000
    908,  0.07000000,  0.47000000
    909,  0.07500000,  0.47000000
    910,  0.08000000,  0.47000000
    911,  0.08500000,  0.47000000
    912,  0.09000000,  0.47000000
    913,  0.00000000,  0.48000000
    914,  0.00500000,  0.48000000
    915,  0.01000000,  0.48000000
    916,  0.01500000,  0.48000000
    917,  0.02000000,  0.48000000
    918,  0.02500000,  0.48000000
    919,  0.03000000,  0.48000000
    920,  0.03500000,  0.48000000
    921,  0.04000000,  0.48000000
    922,  0.04500000,  0.48000000
    923,  0.05000000,  0.48000000
    924,  0.05500000,  0.48000000
    925,  0.06000000,  0.48000000
    926,  0.06500000,  0.48000000
    927,  0.07000000,  0.48000000
    928,  0.07500000,  0.48000000
    929,  0.08000000,  0.48000000
    930,  0.08500000,  0.48000000
    931,  0.09000000,  0.48000000
    932,  0.00000000,  0.49000000
    933,  0.00500000,  0.49000000
    934,  0.01000000,  0.49000000
    935,  0.01500000,  0.49000000
    936,  0.02000000,  0.49000000
    937,  0.02500000,  0.49000000
    938,  0.03000000,  0.49000000
    939,  0.03500000,  0.49000000
    940,  0.04000000,  0.49000000
    941,  0.04500000,  0.49000000
    942,  0.05000000,  0.49000000
    943,  0.05500000,  0.49000000
    944,  0.06000000,  0.49000000
    945,  0.06500000,  0.49000000
    946,  0.07000000,  0.49000000
    947,  0.07500000,  0.49000000
    948,  0.08000000,  0.49000000
    949,  0.08500000,  0.49000000
    950,  0.09000000,  0.49000000
    951,  0.00000000,  0.50000000
    952,  0.00500000,  0.50000000
    953,  0.01000000,  0.50000000
    954,  0.01500000,  0.50000000
    955,  0.02000000,  0.50000000
    956,  0.02500000,  0.50000000
    957,  0.03000000,  0.50000000
    958,  0.03500000,  0.50000000
    959,  0.04000000,  0.50000000
    960,  0.04500000,  0.50000000
    961,  0.05000000,  0.50000000
    962,  0.05500000,  0.50000000
    963,  0.06000000,  0.50000000
    964,  0.06500000,  0.50000000
    965,  0.07000000,  0.50000000
    966,  0.07500000,  0.50000000
    967,  0.08000000,  0.50000000
    968,  0.08500000,  0.50000000
    969,  0.09000000,  0.50000000
    970,  0.00000000,  0.51000000
    971,  0.00500000,  0.51000000
    972,  0.01000000,  0.51000000
    973,  0.01500000,  0.51000000
    974,  0.02000000,  0.51000000
    975,  0.02500000,  0.51000000
    976,  0.03000000,  0.51000000
    977,  0.03500000,  0.51000000
    978,  0.04000000,  0.51000000
    979,  0.04500000,  0.51000000
    980,  0.05000000,  0.51000000
    981,  0.05500000,  0.51000000
    982,  0.06000000,  0.51000000
    983,  0.06500000,  0.51000000
    984,  0.07000000,  0.51000000
    985,  0.07500000,  0.51000000
    986,  0.08000000,  0.51000000
    987,  0.08500000,  0.51000000
    988,  0.09000000,  0.51000000
    989,  0.00000000,  0.52000000
    990,  0.00500000,  0.52000000
    991,  0.01000000,  0.52000000
    992,  0.01500000,  0.52000000
    993,  0.02000000,  0.52000000
    994,  0.02500000,  0.52000000
    995,  0.03000000,  0.52000000
    996,  0.03500000,  0.52000000
    997,  0.04000000,  0.52000000
    998,  0.04500000,  0.52000000
    999,  0.05000000,  0.52000000
   1000,  0.05500000,  0.52000000
   1001,  0.06000000,  0.52000000
   1002,  0.06500000,  0.52000000
   1003,  0.07000000,  0.52000000
   1004,  0.07500000,  0.52000000
   1005,  0.08000000,  0.52000000
   1006,  0.08500000,  0.52000000
   1007,  0.09000000,  0.52000000
   1008,  0.00000000,  0.53000000
   1009,  0.00500000,  0.53000000
   1010,  0.01000000,  0.53000000
   1011,  0.01500000,  0.53000000
   1012,  0.02000000,  0.53000000
   1013,  0.02500000,  0.53000000
   1014,  0.03000000,  0.53000000
   1015,  0.03500000,  0.53000000
   1016,  0.04000000,  0.53000000
   1017,  0.04500000,  0.53000000
   1018,  0.05000000,  0.53000000
   1019,  0.05500000,  0.53000000
   1020,  0.06000000,  0.53000000
   1021,  0.06500000,  0.53000000
   1022,  0.07000000,  0.53000000
   1023,  0.07500000,  0.53000000
   1024,  0.08000000,  0.53000000
   1025,  0.08500000,  0.53000000
   1026,  0.09000000,  0.53000000
   1027,  0.00000000,  0.54000000
   1028,  0.00500000,  0.54000000
   1029,  0.01000000,  0.54000000
   1030,  0.01500000,  0.54000000
   1031,  0.02000000,  0.54000000
   1032,  0.02500000,  0.54000000
   1033,  0.03000000,  0.54000000
   1034,  0.03500000,  0.54000000
   1035,  0.04000000,  0.54000000
   1036,  0.04500000,  0.54000000
   1037,  0.05000000,  0.54000000
   1038,  0.05500000,  0.54000000
   1039,  0.06000000,  0.54000000
   1040,  0.06500000,  0.54000000
   1041,  0.07000000,  0.54000000
   1042,  0.07500000,  0.54000000
   1043,  0.08000000,  0.54000000
   1044,  0.08500000,  0.54000000
   1045,  0.09000000,  0.54000000
   1046,  0.00000000,  0.55000000
   1047,  0.00500000,  0.55000000
   1048,  0.01000000,  0.55000000
   1049,  0.01500000,  0.55000000
   1050,  0.02000000,  0.55000000
   1051,  0.02500000,  0.55000000
   1052,  0.03000000,  0.55000000
   1053,  0.03500000,  0.55000000
   1054,  0.04000000,  0.55000000
   1055,  0.04500000,  0.55000000
   1056,  0.05000000,  0.55000000
   1057,  0.05500000,  0.55000000
   1058,  0.06000000,  0.55000000
   1059,  0.06500000,  0.55000000
   1060,  0.07000000,  0.55000000
   1061,  0.07500000,  0.55000000
   1062,  0.08000000,  0.55000000
   1063,  0.08500000,  0.55000000
   1064,  0.09000000,  0.55000000
   1065,  0.00000000,  0.56000000
   1066,  0.00500000,  0.56000000
   1067,  0.01000000,  0.56000000
   1068,  0.01500000,  0.56000000
   1069,  0.02000000,  0.56000000
   1070,  0.02500000,  0.56000000
   1071,  0.03000000,  0.56000000
   1072,  0.03500000,  0.56000000
   1073,  0.04000000,  0.56000000
   1074,  0.04500000,  0.56000000
   1075,  0.05000000,  0.56000000
   1076,  0.05500000,  0.56000000
   1077,  0.06000000,  0.56000000
   1078,  0.06500000,  0.56000000
   1079,  0.07000000,  0.56000000
   1080,  0.07500000,  0.56000000
   1081,  0.08000000,  0.56000000
   1082,  0.08500000,  0.56000000
   1083,  0.09000000,  0.56000000
   1084,  0.00000000,  0.57000000
   1085,  0.00500000,  0.57000000
   1086,  0.01000000,  0.57000000
   1087,  0.01500000,  0.57000000
   1088,  0.02000000,  0.57000000
   1089,  0.02500000,  0.57000000
   1090,  0.03000000,  0.57000000
   1091,  0.03500000,  0.57000000
   1092,  0.04000000,  0.57000000
   1093,  0.04500000,  0.57000000
   1094,  0.05000000,  0.57000000
   1095,  0.05500000,  0.57000000
   1096,  0.06000000,  0.57000000
   1097,  0.06500000,  0.57000000
   1098,  0.07000000,  0.57000000
   1099,  0.07500000,  0.57000000
   1100,  0.08000000,  0.57000000
   1101,  0.08500000,  0.57000000
   1102,  0.09000000,  0.57000000
   1103,  0.00000000,  0.58000000
   1104,  0.00500000,  0.58000000
   1105,  0.01000000,  0.58000000
   1106,  0.01500000,  0.58000000
   1107,  0.02000000,  0.58000000
   1108,  0.02500000,  0.58000000
   1109,  0.03000000,  0.58000000
   1110,  0.03500000,  0.58000000
   1111,  0.04000000,  0.58000000
   1112,  0.04500000,  0.58000000
   1113,  0.05000000,  0.58000000
   1114,  0.05500000,  0.58000000
   1115,  0.06000000,  0.58000000
   1116,  0.06500000,  0.58000000
   1117,  0.07000000,  0.58000000
   1118,  0.07500000,  0.58000000
   1119,  0.08000000,  0.58000000
   1120,  0.08500000,  0.58000000
   1121,  0.09000000,  0.58000000
   1122,  0.00000000,  0.59000000
   1123,  0.00500000,  0.59000000
   1124,  0.01000000,  0.59000000
   1125,  0.01500000,  0.59000000
   1126,  0.02000000,  0.59000000
   1127,  0.02500000,  0.59000000
   1128,  0.03000000,  0.59000000
   1129,  0.03500000,  0.59000000
   1130,  0.04000000,  0.59000000
   1131,  0.04500000,  0.59000000
   1132,  0.05000000,  0.59000000
   1133,  0.05500000,  0.59000000
   1134,  0.06000000,  0.59000000
   1135,  0.06500000,  0.59000000
   1136,  0.07000000,  0.59000000
   1137,  0.07500000,  0.59000000
   1138,  0.08000000,  0.59000000
   1139,  0.08500000,  0.59000000
   1140,  0.09000000,  0.59000000
   1141,  0.00000000,  0.60000000
   1142,  0.00500000,  0.60000000
   1143,  0.01000000,  0.60000000
   1144,  0.01500000,  0.60000000
   1145,  0.02000000,  0.60000000
   1146,  0.02500000,  0.60000000
   1147,  0.03000000,  0.60000000
   1148,  0.03500000,  0.60000000
   1149,  0.04000000,  0.60000000
   1150,  0.04500000,  0.60000000
   1151,  0.05000000,  0.60000000
   1152,  0.05500000,  0.60000000
   1153,  0.06000000,  0.60000000
   1154,  0.06500000,  0.60000000
   1155,  0.07000000,  0.60000000
   1156,  0.07500000,  0.60000000
   1157,  0.08000000,  0.60000000
   1158,  0.08500000,  0.60000000
   1159,  0.09000000,  0.60000000
   1160,  0.00000000,  0.61000000
   1161,  0.00500000,  0.61000000
   1162,  0.01000000,  0.61000000
   1163,  0.01500000,  0.61000000
   1164,  0.02000000,  0.61000000
   1165,  0.02500000,  0.61000000
   1166,  0.03000000,  0.61000000
   1167,  0.03500000,  0.61000000
   1168,  0.04000000,  0.61000000
   1169,  0.04500000,  0.61000000
   1170,  0.05000000,  0.61000000
   1171,  0.05500000,  0.61000000
   1172,  0.06000000,  0.61000000
   1173,  0.06500000,  0.61000000
   1174,  0.07000000,  0.61000000
   1175,  0.07500000,  0.61000000
   1176,  0.08000000,  0.61000000
   1177,  0.08500000,  0.61000000
   1178,  0.09000000,  0.61000000
   1179,  0.00000000,  0.62000000
   1180,  0.00500000,  0.62000000
   1181,  0.01000000,  0.62000000
   1182,  0.01500000,  0.62000000
   1183,  0.02000000,  0.62000000
   1184,  0.02500000,  0.62000000
   1185,  0.03000000,  0.62000000
   1186,  0.03500000,  0.62000000
   1187,  0.04000000,  0.62000000
   1188,  0.04500000,  0.62000000
   1189,  0.05000000,  0.62000000
   1190,  0.05500000,  0.62000000
   1191,  0.06000000,  0.62000000
   1192,  0.06500000,  0.62000000
   1193,  0.07000000,  0.62000000
   1194,  0.07500000,  0.62000000
   1195,  0.08000000,  0.62000000
   1196,  0.08500000,  0.62000000
   1197,  0.09000000,  0.62000000
   1198,  0.00000000,  0.63000000
   1199,  0.00500000,  0.63000000
   1200,  0.01000000,  0.63000000
   1201,  0.01500000,  0.63000000
   1202,  0.02000000,  0.63000000
   1203,  0.02500000,  0.63000000
   1204,  0.03000000,  0.63000000
   1205,  0.03500000,  0.63000000
   1206,  0.04000000,  0.63000000
   1207,  0.04500000,  0.63000000
   1208,  0.05000000,  0.63000000
   1209,  0.05500000,  0.63000000
   1210,  0.06000000,  0.63000000
   1211,  0.06500000,  0.63000000
   1212,  0.07000000,  0.63000000
   1213,  0.07500000,  0.63000000
   1214,  0.08000000,  0.63000000
   1215,  0.08500000,  0.63000000
   1216,  0.09000000,  0.63000000
   1217,  0.00000000,  0.64000000
   1218,  0.00500000,  0.64000000
   1219,  0.01000000,  0.64000000
   1220,  0.01500000,  0.64000000
   1221,  0.02000000,  0.64000000
   1222,  0.02500000,  0.64000000
   1223,  0.03000000,  0.64000000
   1224,  0.03500000,  0.64000000
   1225,  0.04000000,  0.64000000
   1226,  0.04500000,  0.64000000
   1227,  0.05000000,  0.64000000
   1228,  0.05500000,  0.64000000
   1229,  0.06000000,  0.64000000
   1230,  0.06500000,  0.64000000
   1231,  0.07000000,  0.64000000
   1232,  0.07500000,  0.64000000
   1233,  0.08000000,  0.64000000
   1234,  0.08500000,  0.64000000
   1235,  0.09000000,  0.64000000
   1236,  0.00000000,  0.65000000
   1237,  0.00500000,  0.65000000
   1238,  0.01000000,  0.65000000
   1239,  0.01500000,  0.65000000
   1240,  0.02000000,  0.65000000
   1241,  0.02500000,  0.65000000
   1242,  0.03000000,  0.65000000
   1243,  0.03500000,  0.65000000
   1244,  0.04000000,  0.65000000
   1245,  0.04500000,  0.65000000
   1246,  0.05000000,  0.65000000
   1247,  0.05500000,  0.65000000
   1248,  0.06000000,  0.65000000
   1249,  0.06500000,  0.65000000
   1250,  0.07000000,  0.65000000
   1251,  0.07500000,  0.65000000
   1252,  0.08000000,  0.65000000
   1253,  0.08500000,  0.65000000
   1254,  0.09000000,  0.65000000
   1255,  0.00000000,  0.66000000
   1256,  0.00500000,  0.66000000
   1257,  0.01000000,  0.66000000
   1258,  0.01500000,  0.66000000
   1259,  0.02000000,  0.66000000
   1260,  0.02500000,  0.66000000
   1261,  0.03000000,  0.66000000
   1262,  0.03500000,  0.66000000
   1263,  0.04000000,  0.66000000
   1264,  0.04500000,  0.66000000
   1265,  0.05000000,  0.66000000
   1266,  0.05500000,  0.66000000
   1267,  0.06000000,  0.66000000
   1268,  0.06500000,  0.66000000
   1269,  0.07000000,  0.66000000
   1270,  0.07500000,  0.66000000
   1271,  0.08000000,  0.66000000
   1272,  0.08500000,  0.66000000
   1273,  0.09000000,  0.66000000
   1274,  0.00000000,  0.67000000
   1275,  0.00500000,  0.67000000
   1276,  0.01000000,  0.67000000
   1277,  0.01500000,  0.67000000
   1278,  0.02000000,  0.67000000
   1279,  0.02500000,  0.67000000
   1280,  0.03000000,  0.67000000
   1281,  0.03500000,  0.67000000
   1282,  0.04000000,  0.67000000
   1283,  0.04500000,  0.67000000
   1284,  0.05000000,  0.67000000
   1285,  0.05500000,  0.67000000
   1286,  0.06000000,  0.67000000
   1287,  0.06500000,  0.67000000
   1288,  0.07000000,  0.67000000
   1289,  0.07500000,  0.67000000
   1290,  0.08000000,  0.67000000
   1291,  0.08500000,  0.67000000
   1292,  0.09000000,  0.67000000
   1293,  0.00000000,  0.68000000
   1294,  0.00500000,  0.68000000
   1295,  0.01000000,  0.68000000
   1296,  0.01500000,  0.68000000
   1297,  0.02000000,  0.68000000
   1298,  0.02500000,  0.68000000
   1299,  0.03000000,  0.68000000
   1300,  0.03500000,  0.68000000
   1301,  0.04000000,  0.68000000
   1302,  0.04500000,  0.68000000
   1303,  0.05000000,  0.68000000
   1304,  0.05500000,  0.68000000
   1305,  0.06000000,  0.68000000
   1306,  0.06500000,  0.68000000
   1307,  0.07000000,  0.68000000
   1308,  0.07500000,  0.68000000
   1309,  0.08000000,  0.68000000
   1310,  0.08500000,  0.68000000
   1311,  0.09000000,  0.68000000
   1312,  0.00000000,  0.69000000
   1313,  0.00500000,  0.69000000
   1314,  0.01000000,  0.69000000
   1315,  0.01500000,  0.69000000
   1316,  0.02000000,  0.69000000
   1317,  0.02500000,  0.69000000
   1318,  0.03000000,  0.69000000
   1319,  0.03500000,  0.69000000
   1320,  0.04000000,  0.69000000
   1321,  0.04500000,  0.69000000
   1322,  0.05000000,  0.69000000
   1323,  0.05500000,  0.69000000
   1324,  0.06000000,  0.69000000
   1325,  0.06500000,  0.69000000
   1326,  0.07000000,  0.69000000
   1327,  0.07500000,  0.69000000
   1328,  0.08000000,  0.69000000
   1329,  0.08500000,  0.69000000
   1330,  0.09000000,  0.69000000
   1331,  0.00000000,  0.70000000
   1332,  0.00500000,  0.70000000
   1333,  0.01000000,  0.70000000
   1334,  0.01500000,  0.70000000
   1335,  0.02000000,  0.70000000
   1336,  0.02500000,  0.70000000
   1337,  0.03000000,  0.70000000
   1338,  0.03500000,  0.70000000
   1339,  0.04000000,  0.70000000
   1340,  0.04500000,  0.70000000
   1341,  0.05000000,  0.70000000
   1342,  0.05500000,  0.70000000
   1343,  0.06000000,  0.70000000
   1344,  0.06500000,  0.70000000
   1345,  0.07000000,  0.70000000
   1346,  0.07500000,  0.70000000
   1347,  0.08000000,  0.70000000
   1348,  0.08500000,  0.70000000
   1349,  0.09000000,  0.70000000
   1350,  0.00000000,  0.71000000
   1351,  0.00500000,  0.71000000
   1352,  0.01000000,  0.71000000
   1353,  0.01500000,  0.71000000
   1354,  0.02000000,  0.71000000
   1355,  0.02500000,  0.71000000
   1356,  0.03000000,  0.71000000
   1357,  0.03500000,  0.71000000
   1358,  0.04000000,  0.71000000
   1359,  0.04500000,  0.71000000
   1360,  0.05000000,  0.71000000
   1361,  0.05500000,  0.71000000
   1362,  0.06000000,  0.71000000
   1363,  0.06500000,  0.71000000
   1364,  0.07000000,  0.71000000
   1365,  0.07500000,  0.71000000
   1366,  0.08000000,  0.71000000
   1367,  0.08500000,  0.71000000
   1368,  0.09000000,  0.71000000
   1369,  0.00000000,  0.72000000
   1370,  0.00500000,  0.72000000
   1371,  0.01000000,  0.72000000
   1372,  0.01500000,  0.72000000
   1373,  0.02000000,  0.72000000
   1374,  0.02500000,  0.72000000
   1375,  0.03000000,  0.72000000
   1376,  0.03500000,  0.72000000
   1377,  0.04000000,  0.72000000
   1378,  0.04500000,  0.72000000
   1379,  0.05000000,  0.72000000
   1380,  0.05500000,  0.72000000
   1381,  0.06000000,  0.72000000
   1382,  0.06500000,  0.72000000
   1383,  0.07000000,  0.72000000
   1384,  0.07500000,  0.72000000
   1385,  0.08000000,  0.72000000
   1386,  0.08500000,  0.72000000
   1387,  0.09000000,  0.72000000
   1388,  0.00000000,  0.73000000
   1389,  0.00500000,  0.73000000
   1390,  0.01000000,  0.73000000
   1391,  0.01500000,  0.73000000
   1392,  0.02000000,  0.73000000
   1393,  0.02500000,  0.73000000
   1394,  0.03000000,  0.73000000
   1395,  0.03500000,  0.73000000
   1396,  0.04000000,  0.73000000
   1397,  0.04500000,  0.73000000
   1398,  0.05000000,  0.73000000
   1399,  0.05500000,  0.73000000
   1400,  0.06000000,  0.73000000
   1401,  0.06500000,  0.73000000
   1402,  0.07000000,  0.73000000
   1403,  0.07500000,  0.73000000
   1404,  0.08000000,  0.73000000
   1405,  0.08500000,  0.73000000
   1406,  0.09000000,  0.73000000
   1407,  0.00000000,  0.74000000
   1408,  0.00500000,  0.74000000
   1409,  0.01000000,  0.74000000
   1410,  0.01500000,  0.74000000
   1411,  0.02000000,  0.74000000
   1412,  0.02500000,  0.74000000
   1413,  0.03000000,  0.74000000
   1414,  0.03500000,  0.74000000
   1415,  0.04000000,  0.74000000
   1416,  0.04500000,  0.74000000
   1417,  0.05000000,  0.74000000
   1418,  0.05500000,  0.74000000
   1419,  0.06000000,  0.74000000
   1420,  0.06500000,  0.74000000
   1421,  0.07000000,  0.74000000
   1422,  0.07500000,  0.74000000
   1423,  0.08000000,  0.74000000
   1424,  0.08500000,  0.74000000
   1425,  0.09000000,  0.74000000
   1426,  0.00000000,  0.75000000
   1427,  0.00500000,  0.75000000
   1428,  0.01000000,  0.75000000
   1429,  0.01500000,  0.75000000
   1430,  0.02000000,  0.75000000
   1431,  0.02500000,  0.75000000
   1432,  0.03000000,  0.75000000
   1433,  0.03500000,  0.75000000
   1434,  0.04000000,  0.75000000
   1435,  0.04500000,  0.75000000
   1436,  0.05000000,  0.75000000
   1437,  0.05500000,  0.75000000
   1438,  0.06000000,  0.75000000
   1439,  0.06500000,  0.75000000
   1440,  0.07000000,  0.75000000
   1441,  0.07500000,  0.75000000
   1442,  0.08000000,  0.75000000
   1443,  0.08500000,  0.75000000
   1444,  0.09000000,  0.75000000
   1445,  0.00000000,  0.76000000
   1446,  0.00500000,  0.76000000
   1447,  0.01000000,  0.76000000
   1448,  0.01500000,  0.76000000
   1449,  0.02000000,  0.76000000
   1450,  0.02500000,  0.76000000
   1451,  0.03000000,  0.76000000
   1452,  0.03500000,  0.76000000
   1453,  0.04000000,  0.76000000
   1454,  0.04500000,  0.76000000
   1455,  0.05000000,  0.76000000
   1456,  0.05500000,  0.76000000
   1457,  0.06000000,  0.76000000
   1458,  0.06500000,  0.76000000
   1459,  0.07000000,  0.76000000
   1460,  0.07500000,  0.76000000
   1461,  0.08000000,  0.76000000
   1462,  0.08500000,  0.76000000
   1463,  0.09000000,  0.76000000
   1464,  0.00000000,  0.77000000
   1465,  0.00500000,  0.77000000
   1466,  0.01000000,  0.77000000
   1467,  0.01500000,  0.77000000
   1468,  0.02000000,  0.77000000
   1469,  0.02500000,  0.77000000
   1470,  0.03000000,  0.77000000
   1471,  0.03500000,  0.77000000
   1472,  0.04000000,  0.77000000
   1473,  0.04500000,  0.77000000
   1474,  0.05000000,  0.77000000
   1475,  0.05500000,  0.77000000
   1476,  0.06000000,  0.77000000
   1477,  0.06500000,  0.77000000
   1478,  0.07000000,  0.77000000
   1479,  0.07500000,  0.77000000
   1480,  0.08000000,  0.77000000
   1481,  0.08500000,  0.77000000
   1482,  0.09000000,  0.77000000
   1483,  0.00000000,  0.78000000
   1484,  0.00500000,  0.78000000
   1485,  0.01000000,  0.78000000
   1486,  0.01500000,  0.78000000
   1487,  0.02000000,  0.78000000
   1488,  0.02500000,  0.78000000
   1489,  0.03000000,  0.78000000
   1490,  0.03500000,  0.78000000
   1491,  0.04000000,  0.78000000
   1492,  0.04500000,  0.78000000
   1493,  0.05000000,  0.78000000
   1494,  0.05500000,  0.78000000
   1495,  0.06000000,  0.78000000
   1496,  0.06500000,  0.78000000
   1497,  0.07000000,  0.78000000
   1498,  0.07500000,  0.78000000
   1499,  0.08000000,  0.78000000
   1500,  0.08500000,  0.78000000
   1501,  0.09000000,  0.78000000
   1502,  0.00000000,  0.79000000
   1503,  0.00500000,  0.79000000
   1504,  0.01000000,  0.79000000
   1505,  0.01500000,  0.79000000
   1506,  0.02000000,  0.79000000
   1507,  0.02500000,  0.79000000
   1508,  0.03000000,  0.79000000
   1509,  0.03500000,  0.79000000
   1510,  0.04000000,  0.79000000
   1511,  0.04500000,  0.79000000
   1512,  0.05000000,  0.79000000
   1513,  0.05500000,  0.79000000
   1514,  0.06000000,  0.79000000
   1515,  0.06500000,  0.79000000
   1516,  0.07000000,  0.79000000
   1517,  0.07500000,  0.79000000
   1518,  0.08000000,  0.79000000
   1519,  0.08500000,  0.79000000
   1520,  0.09000000,  0.79000000
   1521,  0.00000000,  0.80000000
   1522,  0.00500000,  0.80000000
   1523,  0.01000000,  0.80000000
   1524,  0.01500000,  0.80000000
   1525,  0.02000000,  0.80000000
   1526,  0.02500000,  0.80000000
   1527,  0.03000000,  0.80000000
   1528,  0.03500000,  0.80000000
   1529,  0.04000000,  0.80000000
   1530,  0.04500000,  0.80000000
   1531,  0.05000000,  0.80000000
   1532,  0.05500000,  0.80000000
   1533,  0.06000000,  0.80000000
   1534,  0.06500000,  0.80000000
   1535,  0.07000000,  0.80000000
   1536,  0.07500000,  0.80000000
   1537,  0.08000000,  0.80000000
   1538,  0.08500000,  0.80000000
   1539,  0.09000000,  0.80000000
*Element, type=DC2D4
 1,  1,  2, 21, 20, 1
 2,  2,  3, 22, 21, 1
 3,  3,  4, 23, 22, 1
 4,  4,  5, 24, 23, 1
 5,  5,  6, 25, 24, 2
 6,  6,  7, 26, 25, 2
 7,  7,  8, 27, 26, 2
 8,  8,  9, 28, 27, 2
 9,  9, 10, 29, 28, 2
10, 10, 11, 30, 29, 2
11, 11, 12, 31, 30, 2
12, 12, 13, 32, 31, 2
13, 13, 14, 33, 32, 2
14, 14, 15, 34, 33, 2
15, 15, 16, 35, 34, 1
16, 16, 17, 36, 35, 1
17, 17, 18, 37, 36, 1
18, 18, 19, 38, 37, 1
19, 20, 21, 40, 39, 1
20, 21, 22, 41, 40, 1
21, 22, 23, 42, 41, 1
22, 23, 24, 43, 42, 1
23, 24, 25, 44, 43, 2
24, 25, 26, 45, 44, 2
25, 26, 27, 46, 45, 2
26, 27, 28, 47, 46, 2
27, 28, 29, 48, 47, 2
28, 29, 30, 49, 48, 2
29, 30, 31, 50, 49, 2
30, 31, 32, 51, 50, 2
31, 32, 33, 52, 51, 2
32, 33, 34, 53, 52, 2
33, 34, 35, 54, 53, 1
34, 35, 36, 55, 54, 1
35, 36, 37, 56, 55, 1
36, 37, 38, 57, 56, 1
37, 39, 40, 59, 58, 1
38, 40, 41, 60, 59, 1
39, 41, 42, 61, 60, 1
40, 42, 43, 62, 61, 1
41, 43, 44, 63, 62, 2
42, 44, 45, 64, 63, 2
43, 45, 46, 65, 64, 2
44, 46, 47, 66, 65, 2
45, 47, 48, 67, 66, 2
46, 48, 49, 68, 67, 2
47, 49, 50, 69, 68, 2
48, 50, 51, 70, 69, 2
49, 51, 52, 71, 70, 2
50, 52, 53, 72, 71, 2
51, 53, 54, 73, 72, 1
52, 54, 55, 74, 73, 1
53, 55, 56, 75, 74, 1
54, 56, 57, 76, 75, 1
55, 58, 59, 78, 77, 1
56, 59, 60, 79, 78, 1
57, 60, 61, 80, 79, 1
58, 61, 62, 81, 80, 1
59, 62, 63, 82, 81, 2
60, 63, 64, 83, 82, 2
61, 64, 65, 84, 83, 2
62, 65, 66, 85, 84, 2
63, 66, 67, 86, 85, 2
64, 67, 68, 87, 86, 2
65, 68, 69, 88, 87, 2
66, 69, 70, 89, 88, 2
67, 70, 71, 90, 89, 2
68, 71, 72, 91, 90, 2
69, 72, 73, 92, 91, 1
70, 73, 74, 93, 92, 1
71, 74, 75, 94, 93, 1
72, 75, 76, 95, 94, 1
73, 77, 78, 97, 96, 1
74, 78, 79, 98, 97, 1
75, 79, 80, 99, 98, 1
76, 80, 81, 100, 99, 1
77, 81, 82, 101, 100, 2
78, 82, 83, 102, 101, 2
79, 83, 84, 103, 102, 2
80, 84, 85, 104, 103, 2
81, 85, 86, 105, 104, 2
82, 86, 87, 106, 105, 2
83, 87, 88, 107, 106, 2
84, 88, 89, 108, 107, 2
85, 89, 90, 109, 108, 2
86, 90, 91, 110, 109, 2
87, 91, 92, 111, 110, 1
88, 92, 93, 112, 111, 1
89, 93, 94, 113, 112, 1
90, 94, 95, 114, 113, 1
91, 96, 97, 116, 115, 1
92, 97, 98, 117, 116, 1
93, 98, 99, 118, 117, 1
94, 99, 100, 119, 118, 1
95, 100, 101, 120, 119, 2
96, 101, 102, 121, 120, 2
97, 102, 103, 122, 121, 2
98, 103, 104, 123, 122, 2
99, 104, 105, 124, 123, 2
100, 105, 106, 125, 124, 2
101, 106, 107, 126, 125, 2
102, 107, 108, 127, 126, 2
103, 108, 109, 128, 127, 2
104, 109, 110, 129, 128, 2
105, 110, 111, 130, 129, 1
106, 111, 112, 131, 130, 1
107, 112, 113, 132, 131, 1
108, 113, 114, 133, 132, 1
109, 115, 116, 135, 134, 1
110, 116, 117, 136, 135, 1
111, 117, 118, 137, 136, 1
112, 118, 119, 138, 137, 1
113, 119, 120, 139, 138, 2
114, 120, 121, 140, 139, 2
115, 121, 122, 141, 140, 2
116, 122, 123, 142, 141, 2
117, 123, 124, 143, 142, 2
118, 124, 125, 144, 143, 2
119, 125, 126, 145, 144, 2
120, 126, 127, 146, 145, 2
121, 127, 128, 147, 146, 2
122, 128, 129, 148, 147, 2
123, 129, 130, 149, 148, 1
124, 130, 131, 150, 149, 1
125, 131, 132, 151, 150, 1
126, 132, 133, 152, 151, 1
127, 134, 135, 154, 153, 1
128, 135, 136, 155, 154, 1
129, 136, 137, 156, 155, 1
130, 137, 138, 157, 156, 1
131, 138, 139, 158, 157, 2
132, 139, 140, 159, 158, 2
133, 140, 141, 160, 159, 2
134, 141, 142, 161, 160, 2
135, 142, 143, 162, 161, 2
136, 143, 144, 163, 162, 2
137, 144, 145, 164, 163, 2
138, 145, 146, 165, 164, 2
139, 146, 147, 166, 165, 2
140, 147, 148, 167, 166, 2
141, 148, 149, 168, 167, 1
142, 149, 150, 169, 168, 1
143, 150, 151, 170, 169, 1
144, 151, 152, 171, 170, 1
145, 153, 154, 173, 172, 1
146, 154, 155, 174, 173, 1
147, 155, 156, 175, 174, 1
148, 156, 157, 176, 175, 1
149, 157, 158, 177, 176, 2
150, 158, 159, 178, 177, 2
151, 159, 160, 179, 178, 2
152, 160, 161, 180, 179, 2
153, 161, 162, 181, 180, 2
154, 162, 163, 182, 181, 2
155, 163, 164, 183, 182, 2
156, 164, 165, 184, 183, 2
157, 165, 166, 185, 184, 2
158, 166, 167, 186, 185, 2
159, 167, 168, 187, 186, 1
160, 168, 169, 188, 187, 1
161, 169, 170, 189, 188, 1
162, 170, 171, 190, 189, 1
163, 172, 173, 192, 191, 1
164, 173, 174, 193, 192, 1
165, 174, 175, 194, 193, 1
166, 175, 176, 195, 194, 1
167, 176, 177, 196, 195, 2
168, 177, 178, 197, 196, 2
169, 178, 179, 198, 197, 2
170, 179, 180, 199, 198, 2
171, 180, 181, 200, 199, 2
172, 181, 182, 201, 200, 2
173, 182, 183, 202, 201, 2
174, 183, 184, 203, 202, 2
175, 184, 185, 204, 203, 2
176, 185, 186, 205, 204, 2
177, 186, 187, 206, 205, 1
178, 187, 188, 207, 206, 1
179, 188, 189, 208, 207, 1
180, 189, 190, 209, 208, 1
181, 191, 192, 211, 210, 1
182, 192, 193, 212, 211, 1
183, 193, 194, 213, 212, 1
184, 194, 195, 214, 213, 1
185, 195, 196, 215, 214, 2
186, 196, 197, 216, 215, 2
187, 197, 198, 217, 216, 2
188, 198, 199, 218, 217, 2
189, 199, 200, 219, 218, 2
190, 200, 201, 220, 219, 2
191, 201, 202, 221, 220, 2
192, 202, 203, 222, 221, 2
193, 203, 204, 223, 222, 2
194, 204, 205, 224, 223, 2
195, 205, 206, 225, 224, 1
196, 206, 207, 226, 225, 1
197, 207, 208, 227, 226, 1
198, 208, 209, 228, 227, 1
199, 210, 211, 230, 229, 1
200, 211, 212, 231, 230, 1
201, 212, 213, 232, 231, 1
202, 213, 214, 233, 232, 1
203, 214, 215, 234, 233, 2
204, 215, 216, 235, 234, 2
205, 216, 217, 236, 235, 2
206, 217, 218, 237, 236, 2
207, 218, 219, 238, 237, 2
208, 219, 220, 239, 238, 2
209, 220, 221, 240, 239, 2
210, 221, 222, 241, 240, 2
211, 222, 223, 242, 241, 2
212, 223, 224, 243, 242, 2
213, 224, 225, 244, 243, 1
214, 225, 226, 245, 244, 1
215, 226, 227, 246, 245, 1
216, 227, 228, 247, 246, 1
217, 229, 230, 249, 248, 1
218, 230, 231, 250, 249, 1
219, 231, 232, 251, 250, 1
220, 232, 233, 252, 251, 1
221, 233, 234, 253, 252, 2
222, 234, 235, 254, 253, 2
223, 235, 236, 255, 254, 2
224, 236, 237, 256, 255, 2
225, 237, 238, 257, 256, 2
226, 238, 239, 258, 257, 2
227, 239, 240, 259, 258, 2
228, 240, 241, 260, 259, 2
229, 241, 242, 261, 260, 2
230, 242, 243, 262, 261, 2
231, 243, 244, 263, 262, 1
232, 244, 245, 264, 263, 1
233, 245, 246, 265, 264, 1
234, 246, 247, 266, 265, 1
235, 248, 249, 268, 267, 1
236, 249, 250, 269, 268, 1
237, 250, 251, 270, 269, 1
238, 251, 252, 271, 270, 1
239, 252, 253, 272, 271, 2
240, 253, 254, 273, 272, 2
241, 254, 255, 274, 273, 2
242, 255, 256, 275, 274, 2
243, 256, 257, 276, 275, 2
244, 257, 258, 277, 276, 2
245, 258, 259, 278, 277, 2
246, 259, 260, 279, 278, 2
247, 260, 261, 280, 279, 2
248, 261, 262, 281, 280, 2
249, 262, 263, 282, 281, 1
250, 263, 264, 283, 282, 1
251, 264, 265, 284, 283, 1
252, 265, 266, 285, 284, 1
253, 267, 268, 287, 286, 1
254, 268, 269, 288, 287, 1
255, 269, 270, 289, 288, 1
256, 270, 271, 290, 289, 1
257, 271, 272, 291, 290, 2
258, 272, 273, 292, 291, 2
259, 273, 274, 293, 292, 2
260, 274, 275, 294, 293, 2
261, 275, 276, 295, 294, 2
262, 276, 277, 296, 295, 2
263, 277, 278, 297, 296, 2
264, 278, 279, 298, 297, 2
265, 279, 280, 299, 298, 2
266, 280, 281, 300, 299, 2
267, 281, 282, 301, 300, 1
268, 282, 283, 302, 301, 1
269, 283, 284, 303, 302, 1
270, 284, 285, 304, 303, 1
271, 286, 287, 306, 305, 1
272, 287, 288, 307, 306, 1
273, 288, 289, 308, 307, 1
274, 289, 290, 309, 308, 1
275, 290, 291, 310, 309, 2
276, 291, 292, 311, 310, 2
277, 292, 293, 312, 311, 2
278, 293, 294, 313, 312, 2
279, 294, 295, 314, 313, 2
280, 295, 296, 315, 314, 2
281, 296, 297, 316, 315, 2
282, 297, 298, 317, 316, 2
283, 298, 299, 318, 317, 2
284, 299, 300, 319, 318, 2
285, 300, 301, 320, 319, 1
286, 301, 302, 321, 320, 1
287, 302, 303, 322, 321, 1
288, 303, 304, 323, 322, 1
289, 305, 306, 325, 324, 1
290, 306, 307, 326, 325, 1
291, 307, 308, 327, 326, 1
292, 308, 309, 328, 327, 1
293, 309, 310, 329, 328, 2
294, 310, 311, 330, 329, 2
295, 311, 312, 331, 330, 2
296, 312, 313, 332, 331, 2
297, 313, 314, 333, 332, 2
298, 314, 315, 334, 333, 2
299, 315, 316, 335, 334, 2
300, 316, 317, 336, 335, 2
301, 317, 318, 337, 336, 2
302, 318, 319, 338, 337, 2
303, 319, 320, 339, 338, 1
304, 320, 321, 340, 339, 1
305, 321, 322, 341, 340, 1
306, 322, 323, 342, 341, 1
307, 324, 325, 344, 343, 1
308, 325, 326, 345, 344, 1
309, 326, 327, 346, 345, 1
310, 327, 328, 347, 346, 1
311, 328, 329, 348, 347, 2
312, 329, 330, 349, 348, 2
313, 330, 331, 350, 349, 2
314, 331, 332, 351, 350, 2
315, 332, 333, 352, 351, 2
316, 333, 334, 353, 352, 2
317, 334, 335, 354, 353, 2
318, 335, 336, 355, 354, 2
319, 336, 337, 356, 355, 2
320, 337, 338, 357, 356, 2
321, 338, 339, 358, 357, 1
322, 339, 340, 359, 358, 1
323, 340, 341, 360, 359, 1
324, 341, 342, 361, 360, 1
325, 343, 344, 363, 362, 1
326, 344, 345, 364, 363, 1
327, 345, 346, 365, 364, 1
328, 346, 347, 366, 365, 1
329, 347, 348, 367, 366, 2
330, 348, 349, 368, 367, 2
331, 349, 350, 369, 368, 2
332, 350, 351, 370, 369, 2
333, 351, 352, 371, 370, 2
334, 352, 353, 372, 371, 2
335, 353, 354, 373, 372, 2
336, 354, 355, 374, 373, 2
337, 355, 356, 375, 374, 2
338, 356, 357, 376, 375, 2
339, 357, 358, 377, 376, 1
340, 358, 359, 378, 377, 1
341, 359, 360, 379, 378, 1
342, 360, 361, 380, 379, 1
343, 362, 363, 382, 381, 1
344, 363, 364, 383, 382, 1
345, 364, 365, 384, 383, 1
346, 365, 366, 385, 384, 1
347, 366, 367, 386, 385, 2
348, 367, 368, 387, 386, 2
349, 368, 369, 388, 387, 2
350, 369, 370, 389, 388, 2
351, 370, 371, 390, 389, 2
352, 371, 372, 391, 390, 2
353, 372, 373, 392, 391, 2
354, 373, 374, 393, 392, 2
355, 374, 375, 394, 393, 2
356, 375, 376, 395, 394, 2
357, 376, 377, 396, 395, 1
358, 377, 378, 397, 396, 1
359, 378, 379, 398, 397, 1
360, 379, 380, 399, 398, 1
361, 381, 382, 401, 400, 1
362, 382, 383, 402, 401, 1
363, 383, 384, 403, 402, 1
364, 384, 385, 404, 403, 1
365, 385, 386, 405, 404, 2
366, 386, 387, 406, 405, 2
367, 387, 388, 407, 406, 2
368, 388, 389, 408, 407, 2
369, 389, 390, 409, 408, 2
370, 390, 391, 410, 409, 2
371, 391, 392, 411, 410, 2
372, 392, 393, 412, 411, 2
373, 393, 394, 413, 412, 2
374, 394, 395, 414, 413, 2
375, 395, 396, 415, 414, 1
376, 396, 397, 416, 415, 1
377, 397, 398, 417, 416, 1
378, 398, 399, 418, 417, 1
379, 400, 401, 420, 419, 1
380, 401, 402, 421, 420, 1
381, 402, 403, 422, 421, 1
382, 403, 404, 423, 422, 1
383, 404, 405, 424, 423, 2
384, 405, 406, 425, 424, 2
385, 406, 407, 426, 425, 2
386, 407, 408, 427, 426, 2
387, 408, 409, 428, 427, 2
388, 409, 410, 429, 428, 2
389, 410, 411, 430, 429, 2
390, 411, 412, 431, 430, 2
391, 412, 413, 432, 431, 2
392, 413, 414, 433, 432, 2
393, 414, 415, 434, 433, 1
394, 415, 416, 435, 434, 1
395, 416, 417, 436, 435, 1
396, 417, 418, 437, 436, 1
397, 419, 420, 439, 438, 1
398, 420, 421, 440, 439, 1
399, 421, 422, 441, 440, 1
400, 422, 423, 442, 441, 1
401, 423, 424, 443, 442, 2
402, 424, 425, 444, 443, 2
403, 425, 426, 445, 444, 2
404, 426, 427, 446, 445, 2
405, 427, 428, 447, 446, 2
406, 428, 429, 448, 447, 2
407, 429, 430, 449, 448, 2
408, 430, 431, 450, 449, 2
409, 431, 432, 451, 450, 2
410, 432, 433, 452, 451, 2
411, 433, 434, 453, 452, 1
412, 434, 435, 454, 453, 1
413, 435, 436, 455, 454, 1
414, 436, 437, 456, 455, 1
415, 438, 439, 458, 457, 1
416, 439, 440, 459, 458, 1
417, 440, 441, 460, 459, 1
418, 441, 442, 461, 460, 1
419, 442, 443, 462, 461, 2
420, 443, 444, 463, 462, 2
421, 444, 445, 464, 463, 2
422, 445, 446, 465, 464, 2
423, 446, 447, 466, 465, 2
424, 447, 448, 467, 466, 2
425, 448, 449, 468, 467, 2
426, 449, 450, 469, 468, 2
427, 450, 451, 470, 469, 2
428, 451, 452, 471, 470, 2
429, 452, 453, 472, 471, 1
430, 453, 454, 473, 472, 1
431, 454, 455, 474, 473, 1
432, 455, 456, 475, 474, 1
433, 457, 458, 477, 476, 1
434, 458, 459, 478, 477, 1
435, 459, 460, 479, 478, 1
436, 460, 461, 480, 479, 1
437, 461, 462, 481, 480, 2
438, 462, 463, 482, 481, 2
439, 463, 464, 483, 482, 2
440, 464, 465, 484, 483, 2
441, 465, 466, 485, 484, 2
442, 466, 467, 486, 485, 2
443, 467, 468, 487, 486, 2
444, 468, 469, 488, 487, 2
445, 469, 470, 489, 488, 2
446, 470, 471, 490, 489, 2
447, 471, 472, 491, 490, 1
448, 472, 473, 492, 491, 1
449, 473, 474, 493, 492, 1
450, 474, 475, 494, 493, 1
451, 476, 477, 496, 495, 1
452, 477, 478, 497, 496, 1
453, 478, 479, 498, 497, 1
454, 479, 480, 499, 498, 1
455, 480, 481, 500, 499, 2
456, 481, 482, 501, 500, 2
457, 482, 483, 502, 501, 2
458, 483, 484, 503, 502, 2
459, 484, 485, 504, 503, 2
460, 485, 486, 505, 504, 2
461, 486, 487, 506, 505, 2
462, 487, 488, 507, 506, 2
463, 488, 489, 508, 507, 2
464, 489, 490, 509, 508, 2
465, 490, 491, 510, 509, 1
466, 491, 492, 511, 510, 1
467, 492, 493, 512, 511, 1
468, 493, 494, 513, 512, 1
469, 495, 496, 515, 514, 1
470, 496, 497, 516, 515, 1
471, 497, 498, 517, 516, 1
472, 498, 499, 518, 517, 1
473, 499, 500, 519, 518, 2
474, 500, 501, 520, 519, 2
475, 501, 502, 521, 520, 2
476, 502, 503, 522, 521, 2
477, 503, 504, 523, 522, 2
478, 504, 505, 524, 523, 2
479, 505, 506, 525, 524, 2
480, 506, 507, 526, 525, 2
481, 507, 508, 527, 526, 2
482, 508, 509, 528, 527, 2
483, 509, 510, 529, 528, 1
484, 510, 511, 530, 529, 1
485, 511, 512, 531, 530, 1
486, 512, 513, 532, 531, 1
487, 514, 515, 534, 533, 1
488, 515, 516, 535, 534, 1
489, 516, 517, 536, 535, 1
490, 517, 518, 537, 536, 1
491, 518, 519, 538, 537, 2
492, 519, 520, 539, 538, 2
493, 520, 521, 540, 539, 2
494, 521, 522, 541, 540, 2
495, 522, 523, 542, 541, 2
496, 523, 524, 543, 542, 2
497, 524, 525, 544, 543, 2
498, 525, 526, 545, 544, 2
499, 526, 527, 546, 545, 2
500, 527, 528, 547, 546, 2
501, 528, 529, 548, 547, 1
502, 529, 530, 549, 548, 1
503, 530, 531, 550, 549, 1
504, 531, 532, 551, 550, 1
505, 533, 534, 553, 552, 1
506, 534, 535, 554, 553, 1
507, 535, 536, 555, 554, 1
508, 536, 537, 556, 555, 1
509, 537, 538, 557, 556, 2
510, 538, 539, 558, 557, 2
511, 539, 540, 559, 558, 2
512, 540, 541, 560, 559, 2
513, 541, 542, 561, 560, 2
514, 542, 543, 562, 561, 2
515, 543, 544, 563, 562, 2
516, 544, 545, 564, 563, 2
517, 545, 546, 565, 564, 2
518, 546, 547, 566, 565, 2
519, 547, 548, 567, 566, 1
520, 548, 549, 568, 567, 1
521, 549, 550, 569, 568, 1
522, 550, 551, 570, 569, 1
523, 552, 553, 572, 571, 1
524, 553, 554, 573, 572, 1
525, 554, 555, 574, 573, 1
526, 555, 556, 575, 574, 1
527, 556, 557, 576, 575, 2
528, 557, 558, 577, 576, 2
529, 558, 559, 578, 577, 2
530, 559, 560, 579, 578, 2
531, 560, 561, 580, 579, 2
532, 561, 562, 581, 580, 2
533, 562, 563, 582, 581, 2
534, 563, 564, 583, 582, 2
535, 564, 565, 584, 583, 2
536, 565, 566, 585, 584, 2
537, 566, 567, 586, 585, 1
538, 567, 568, 587, 586, 1
539, 568, 569, 588, 587, 1
540, 569, 570, 589, 588, 1
541, 571, 572, 591, 590, 1
542, 572, 573, 592, 591, 1
543, 573, 574, 593, 592, 1
544, 574, 575, 594, 593, 1
545, 575, 576, 595, 594, 2
546, 576, 577, 596, 595, 2
547, 577, 578, 597, 596, 2
548, 578, 579, 598, 597, 2
549, 579, 580, 599, 598, 2
550, 580, 581, 600, 599, 2
551, 581, 582, 601, 600, 2
552, 582, 583, 602, 601, 2
553, 583, 584, 603, 602, 2
554, 584, 585, 604, 603, 2
555, 585, 586, 605, 604, 1
556, 586, 587, 606, 605, 1
557, 587, 588, 607, 606, 1
558, 588, 589, 608, 607, 1
559, 590, 591, 610, 609, 1
560, 591, 592, 611, 610, 1
561, 592, 593, 612, 611, 1
562, 593, 594, 613, 612, 1
563, 594, 595, 614, 613, 2
564, 595, 596, 615, 614, 2
565, 596, 597, 616, 615, 2
566, 597, 598, 617, 616, 2
567, 598, 599, 618, 617, 2
568, 599, 600, 619, 618, 2
569, 600, 601, 620, 619, 2
570, 601, 602, 621, 620, 2
571, 602, 603, 622, 621, 2
572, 603, 604, 623, 622, 2
573, 604, 605, 624, 623, 1
574, 605, 606, 625, 624, 1
575, 606, 607, 626, 625, 1
576, 607, 608, 627, 626, 1
577, 609, 610, 629, 628, 1
578, 610, 611, 630, 629, 1
579, 611, 612, 631, 630, 1
580, 612, 613, 632, 631, 1
581, 613, 614, 633, 632, 2
582, 614, 615, 634, 633, 2
583, 615, 616, 635, 634, 2
584, 616, 617, 636, 635, 2
585, 617, 618, 637, 636, 2
586, 618, 619, 638, 637, 2
587, 619, 620, 639, 638, 2
588, 620, 621, 640, 639, 2
589, 621, 622, 641, 640, 2
590, 622, 623, 642, 641, 2
591, 623, 624, 643, 642, 1
592, 624, 625, 644, 643, 1
593, 625, 626, 645, 644, 1
594, 626, 627, 646, 645, 1
595, 628, 629, 648, 647, 1
596, 629, 630, 649, 648, 1
597, 630, 631, 650, 649, 1
598, 631, 632, 651, 650, 1
599, 632, 633, 652, 651, 2
600, 633, 634, 653, 652, 2
601, 634, 635, 654, 653, 2
602, 635, 636, 655, 654, 2
603, 636, 637, 656, 655, 2
604, 637, 638, 657, 656, 2
605, 638, 639, 658, 657, 2
606, 639, 640, 659, 658, 2
607, 640, 641, 660, 659, 2
608, 641, 642, 661, 660, 2
609, 642, 643, 662, 661, 1
610, 643, 644, 663, 662, 1
611, 644, 645, 664, 663, 1
612, 645, 646, 665, 664, 1
613, 647, 648, 667, 666, 1
614, 648, 649, 668, 667, 1
615, 649, 650, 669, 668, 1
616, 650, 651, 670, 669, 1
617, 651, 652, 671, 670, 2
618, 652, 653, 672, 671, 2
619, 653, 654, 673, 672, 2
620, 654, 655, 674, 673, 2
621, 655, 656, 675, 674, 2
622, 656, 657, 676, 675, 2
623, 657, 658, 677, 676, 2
624, 658, 659, 678, 677, 2
625, 659, 660, 679, 678, 2
626, 660, 661, 680, 679, 2
627, 661, 662, 681, 680, 1
628, 662, 663, 682, 681, 1
629, 663, 664, 683, 682, 1
630, 664, 665, 684, 683, 1
631, 666, 667, 686, 685, 1
632, 667, 668, 687, 686, 1
633, 668, 669, 688, 687, 1
634, 669, 670, 689, 688, 1
635, 670, 671, 690, 689, 2
636, 671, 672, 691, 690, 2
637, 672, 673, 692, 691, 2
638, 673, 674, 693, 692, 2
639, 674, 675, 694, 693, 2
640, 675, 676, 695, 694, 2
641, 676, 677, 696, 695, 2
642, 677, 678, 697, 696, 2
643, 678, 679, 698, 697, 2
644, 679, 680, 699, 698, 2
645, 680, 681, 700, 699, 1
646, 681, 682, 701, 700, 1
647, 682, 683, 702, 701, 1
648, 683, 684, 703, 702, 1
649, 685, 686, 705, 704, 1
650, 686, 687, 706, 705, 1
651, 687, 688, 707, 706, 1
652, 688, 689, 708, 707, 1
653, 689, 690, 709, 708, 2
654, 690, 691, 710, 709, 2
655, 691, 692, 711, 710, 2
656, 692, 693, 712, 711, 2
657, 693, 694, 713, 712, 2
658, 694, 695, 714, 713, 2
659, 695, 696, 715, 714, 2
660, 696, 697, 716, 715, 2
661, 697, 698, 717, 716, 2
662, 698, 699, 718, 717, 2
663, 699, 700, 719, 718, 1
664, 700, 701, 720, 719, 1
665, 701, 702, 721, 720, 1
666, 702, 703, 722, 721, 1
667, 704, 705, 724, 723, 1
668, 705, 706, 725, 724, 1
669, 706, 707, 726, 725, 1
670, 707, 708, 727, 726, 1
671, 708, 709, 728, 727, 2
672, 709, 710, 729, 728, 2
673, 710, 711, 730, 729, 2
674, 711, 712, 731, 730, 2
675, 712, 713, 732, 731, 2
676, 713, 714, 733, 732, 2
677, 714, 715, 734, 733, 2
678, 715, 716, 735, 734, 2
679, 716, 717, 736, 735, 2
680, 717, 718, 737, 736, 2
681, 718, 719, 738, 737, 1
682, 719, 720, 739, 738, 1
683, 720, 721, 740, 739, 1
684, 721, 722, 741, 740, 1
685, 723, 724, 743, 742, 1
686, 724, 725, 744, 743, 1
687, 725, 726, 745, 744, 1
688, 726, 727, 746, 745, 1
689, 727, 728, 747, 746, 2
690, 728, 729, 748, 747, 2
691, 729, 730, 749, 748, 2
692, 730, 731, 750, 749, 2
693, 731, 732, 751, 750, 2
694, 732, 733, 752, 751, 2
695, 733, 734, 753, 752, 2
696, 734, 735, 754, 753, 2
697, 735, 736, 755, 754, 2
698, 736, 737, 756, 755, 2
699, 737, 738, 757, 756, 1
700, 738, 739, 758, 757, 1
701, 739, 740, 759, 758, 1
702, 740, 741, 760, 759, 1
703, 742, 743, 762, 761, 1
704, 743, 744, 763, 762, 1
705, 744, 745, 764, 763, 1
706, 745, 746, 765, 764, 1
707, 746, 747, 766, 765, 2
708, 747, 748, 767, 766, 2
709, 748, 749, 768, 767, 2
710, 749, 750, 769, 768, 2
711, 750, 751, 770, 769, 2
712, 751, 752, 771, 770, 2
713, 752, 753, 772, 771, 2
714, 753, 754, 773, 772, 2
715, 754, 755, 774, 773, 2
716, 755, 756, 775, 774, 2
717, 756, 757, 776, 775, 1
718, 757, 758, 777, 776, 1
719, 758, 759, 778, 777, 1
720, 759, 760, 779, 778, 1
721, 761, 762, 781, 780, 1
722, 762, 763, 782, 781, 1
723, 763, 764, 783, 782, 1
724, 764, 765, 784, 783, 1
725, 765, 766, 785, 784, 2
726, 766, 767, 786, 785, 2
727, 767, 768, 787, 786, 2
728, 768, 769, 788, 787, 2
729, 769, 770, 789, 788, 2
730, 770, 771, 790, 789, 2
731, 771, 772, 791, 790, 2
732, 772, 773, 792, 791, 2
733, 773, 774, 793, 792, 2
734, 774, 775, 794, 793, 2
735, 775, 776, 795, 794, 1
736, 776, 777, 796, 795, 1
737, 777, 778, 797, 796, 1
738, 778, 779, 798, 797, 1
739, 780, 781, 800, 799, 1
740, 781, 782, 801, 800, 1
741, 782, 783, 802, 801, 1
742, 783, 784, 803, 802, 1
743, 784, 785, 804, 803, 2
744, 785, 786, 805, 804, 2
745, 786, 787, 806, 805, 2
746, 787, 788, 807, 806, 2
747, 788, 789, 808, 807, 2
748, 789, 790, 809, 808, 2
749, 790, 791, 810, 809, 2
750, 791, 792, 811, 810, 2
751, 792, 793, 812, 811, 2
752, 793, 794, 813, 812, 2
753, 794, 795, 814, 813, 1
754, 795, 796, 815, 814, 1
755, 796, 797, 816, 815, 1
756, 797, 798, 817, 816, 1
757, 799, 800, 819, 818, 1
758, 800, 801, 820, 819, 1
759, 801, 802, 821, 820, 1
760, 802, 803, 822, 821, 1
761, 803, 804, 823, 822, 2
762, 804, 805, 824, 823, 2
763, 805, 806, 825, 824, 2
764, 806, 807, 826, 825, 2
765, 807, 808, 827, 826, 2
766, 808, 809, 828, 827, 2
767, 809, 810, 829, 828, 2
768, 810, 811, 830, 829, 2
769, 811, 812, 831, 830, 2
770, 812, 813, 832, 831, 2
771, 813, 814, 833, 832, 1
772, 814, 815, 834, 833, 1
773, 815, 816, 835, 834, 1
774, 816, 817, 836, 835, 1
775, 818, 819, 838, 837, 1
776, 819, 820, 839, 838, 1
777, 820, 821, 840, 839, 1
778, 821, 822, 841, 840, 1
779, 822, 823, 842, 841, 2
780, 823, 824, 843, 842, 2
781, 824, 825, 844, 843, 2
782, 825, 826, 845, 844, 2
783, 826, 827, 846, 845, 2
784, 827, 828, 847, 846, 2
785, 828, 829, 848, 847, 2
786, 829, 830, 849, 848, 2
787, 830, 831, 850, 849, 2
788, 831, 832, 851, 850, 2
789, 832, 833, 852, 851, 1
790, 833, 834, 853, 852, 1
791, 834, 835, 854, 853, 1
792, 835, 836, 855, 854, 1
793, 837, 838, 857, 856, 1
794, 838, 839, 858, 857, 1
795, 839, 840, 859, 858, 1
796, 840, 841, 860, 859, 1
797, 841, 842, 861, 860, 2
798, 842, 843, 862, 861, 2
799, 843, 844, 863, 862, 2
800, 844, 845, 864, 863, 2
801, 845, 846, 865, 864, 2
802, 846, 847, 866, 865, 2
803, 847, 848, 867, 866, 2
804, 848, 849, 868, 867, 2
805, 849, 850, 869, 868, 2
806, 850, 851, 870, 869, 2
807, 851, 852, 871, 870, 1
808, 852, 853, 872, 871, 1
809, 853, 854, 873, 872, 1
810, 854, 855, 874, 873, 1
811, 856, 857, 876, 875, 1
812, 857, 858, 877, 876, 1
813, 858, 859, 878, 877, 1
814, 859, 860, 879, 878, 1
815, 860, 861, 880, 879, 2
816, 861, 862, 881, 880, 2
817, 862, 863, 882, 881, 2
818, 863, 864, 883, 882, 2
819, 864, 865, 884, 883, 2
820, 865, 866, 885, 884, 2
821, 866, 867, 886, 885, 2
822, 867, 868, 887, 886, 2
823, 868, 869, 888, 887, 2
824, 869, 870, 889, 888, 2
825, 870, 871, 890, 889, 1
826, 871, 872, 891, 890, 1
827, 872, 873, 892, 891, 1
828, 873, 874, 893, 892, 1
829, 875, 876, 895, 894, 1
830, 876, 877, 896, 895, 1
831, 877, 878, 897, 896, 1
832, 878, 879, 898, 897, 1
833, 879, 880, 899, 898, 2
834, 880, 881, 900, 899, 2
835, 881, 882, 901, 900, 2
836, 882, 883, 902, 901, 2
837, 883, 884, 903, 902, 2
838, 884, 885, 904, 903, 2
839, 885, 886, 905, 904, 2
840, 886, 887, 906, 905, 2
841, 887, 888, 907, 906, 2
842, 888, 889, 908, 907, 2
843, 889, 890, 909, 908, 1
844, 890, 891, 910, 909, 1
845, 891, 892, 911, 910, 1
846, 892, 893, 912, 911, 1
847, 894, 895, 914, 913, 1
848, 895, 896, 915, 914, 1
849, 896, 897, 916, 915, 1
850, 897, 898, 917, 916, 1
851, 898, 899, 918, 917, 2
852, 899, 900, 919, 918, 2
853, 900, 901, 920, 919, 2
854, 901, 902, 921, 920, 2
855, 902, 903, 922, 921, 2
856, 903, 904, 923, 922, 2
857, 904, 905, 924, 923, 2
858, 905, 906, 925, 924, 2
859, 906, 907, 926, 925, 2
860, 907, 908, 927, 926, 2
861, 908, 909, 928, 927, 1
862, 909, 910, 929, 928, 1
863, 910, 911, 930, 929, 1
864, 911, 912, 931, 930, 1
865, 913, 914, 933, 932, 1
866, 914, 915, 934, 933, 1
867, 915, 916, 935, 934, 1
868, 916, 917, 936, 935, 1
869, 917, 918, 937, 936, 2
870, 918, 919, 938, 937, 2
871, 919, 920, 939, 938, 2
872, 920, 921, 940, 939, 2
873, 921, 922, 941, 940, 2
874, 922, 923, 942, 941, 2
875, 923, 924, 943, 942, 2
876, 924, 925, 944, 943, 2
877, 925, 926, 945, 944, 2
878, 926, 927, 946, 945, 2
879, 927, 928, 947, 946, 1
880, 928, 929, 948, 947, 1
881, 929, 930, 949, 948, 1
882, 930, 931, 950, 949, 1
883, 932, 933, 952, 951, 1
884, 933, 934, 953, 952, 1
885, 934, 935, 954, 953, 1
886, 935, 936, 955, 954, 1
887, 936, 937, 956, 955, 2
888, 937, 938, 957, 956, 2
889, 938, 939, 958, 957, 2
890, 939, 940, 959, 958, 2
891, 940, 941, 960, 959, 2
892, 941, 942, 961, 960, 2
893, 942, 943, 962, 961, 2
894, 943, 944, 963, 962, 2
895, 944, 945, 964, 963, 2
896, 945, 946, 965, 964, 2
897, 946, 947, 966, 965, 1
898, 947, 948, 967, 966, 1
899, 948, 949, 968, 967, 1
900, 949, 950, 969, 968, 1
901, 951, 952, 971, 970, 1
902, 952, 953, 972, 971, 1
903, 953, 954, 973, 972, 1
904, 954, 955, 974, 973, 1
905, 955, 956, 975, 974, 2
906, 956, 957, 976, 975, 2
907, 957, 958, 977, 976, 2
908, 958, 959, 978, 977, 2
909, 959, 960, 979, 978, 2
910, 960, 961, 980, 979, 2
911, 961, 962, 981, 980, 2
912, 962, 963, 982, 981, 2
913, 963, 964, 983, 982, 2
914, 964, 965, 984, 983, 2
915, 965, 966, 985, 984, 1
916, 966, 967, 986, 985, 1
917, 967, 968, 987, 986, 1
918, 968, 969, 988, 987, 1
919, 970, 971, 990, 989, 1
920, 971, 972, 991, 990, 1
921, 972, 973, 992, 991, 1
922, 973, 974, 993, 992, 1
923, 974, 975, 994, 993, 2
924, 975, 976, 995, 994, 2
925, 976, 977, 996, 995, 2
926, 977, 978, 997, 996, 2
927, 978, 979, 998, 997, 2
928, 979, 980, 999, 998, 2
929, 980, 981, 1000, 999, 2
930, 981, 982, 1001, 1000, 2
931, 982, 983, 1002, 1001, 2
932, 983, 984, 1003, 1002, 2
933, 984, 985, 1004, 1003, 1
934, 985, 986, 1005, 1004, 1
935, 986, 987, 1006, 1005, 1
936, 987, 988, 1007, 1006, 1
937, 989, 990, 1009, 1008, 1
938, 990, 991, 1010, 1009, 1
939, 991, 992, 1011, 1010, 1
940, 992, 993, 1012, 1011, 1
941, 993, 994, 1013, 1012, 2
942, 994, 995, 1014, 1013, 2
943, 995, 996, 1015, 1014, 2
944, 996, 997, 1016, 1015, 2
945, 997, 998, 1017, 1016, 2
946, 998, 999, 1018, 1017, 2
947, 999, 1000, 1019, 1018, 2
948, 1000, 1001, 1020, 1019, 2
949, 1001, 1002, 1021, 1020, 2
950, 1002, 1003, 1022, 1021, 2
951, 1003, 1004, 1023, 1022, 1
952, 1004, 1005, 1024, 1023, 1
953, 1005, 1006, 1025, 1024, 1
954, 1006, 1007, 1026, 1025, 1
955, 1008, 1009, 1028, 1027, 1
956, 1009, 1010, 1029, 1028, 1
957, 1010, 1011, 1030, 1029, 1
958, 1011, 1012, 1031, 1030, 1
959, 1012, 1013, 1032, 1031, 2
960, 1013, 1014, 1033, 1032, 2
961, 1014, 1015, 1034, 1033, 2
962, 1015, 1016, 1035, 1034, 2
963, 1016, 1017, 1036, 1035, 2
964, 1017, 1018, 1037, 1036, 2
965, 1018, 1019, 1038, 1037, 2
966, 1019, 1020, 1039, 1038, 2
967, 1020, 1021, 1040, 1039, 2
968, 1021, 1022, 1041, 1040, 2
969, 1022, 1023, 1042, 1041, 1
970, 1023, 1024, 1043, 1042, 1
971, 1024, 1025, 1044, 1043, 1
972, 1025, 1026, 1045, 1044, 1
973, 1027, 1028, 1047, 1046, 1
974, 1028, 1029, 1048, 1047, 1
975, 1029, 1030, 1049, 1048, 1
976, 1030, 1031, 1050, 1049, 1
977, 1031, 1032, 1051, 1050, 2
978, 1032, 1033, 1052, 1051, 2
979, 1033, 1034, 1053, 1052, 2
980, 1034, 1035, 1054, 1053, 2
981, 1035, 1036, 1055, 1054, 2
982, 1036, 1037, 1056, 1055, 2
983, 1037, 1038, 1057, 1056, 2
984, 1038, 1039, 1058, 1057, 2
985, 1039, 1040, 1059, 1058, 2
986, 1040, 1041, 1060, 1059, 2
987, 1041, 1042, 1061, 1060, 1
988, 1042, 1043, 1062, 1061, 1
989, 1043, 1044, 1063, 1062, 1
990, 1044, 1045, 1064, 1063, 1
991, 1046, 1047, 1066, 1065, 1
992, 1047, 1048, 1067, 1066, 1
993, 1048, 1049, 1068, 1067, 1
994, 1049, 1050, 1069, 1068, 1
995, 1050, 1051, 1070, 1069, 2
996, 1051, 1052, 1071, 1070, 2
997, 1052, 1053, 1072, 1071, 2
998, 1053, 1054, 1073, 1072, 2
999, 1054, 1055, 1074, 1073, 2
1000, 1055, 1056, 1075, 1074, 2
1001, 1056, 1057, 1076, 1075, 2
1002, 1057, 1058, 1077, 1076, 2
1003, 1058, 1059, 1078, 1077, 2
1004, 1059, 1060, 1079, 1078, 2
1005, 1060, 1061, 1080, 1079, 1
1006, 1061, 1062, 1081, 1080, 1
1007, 1062, 1063, 1082, 1081, 1
1008, 1063, 1064, 1083, 1082, 1
1009, 1065, 1066, 1085, 1084, 1
1010, 1066, 1067, 1086, 1085, 1
1011, 1067, 1068, 1087, 1086, 1
1012, 1068, 1069, 1088, 1087, 1
1013, 1069, 1070, 1089, 1088, 2
1014, 1070, 1071, 1090, 1089, 2
1015, 1071, 1072, 1091, 1090, 2
1016, 1072, 1073, 1092, 1091, 2
1017, 1073, 1074, 1093, 1092, 2
1018, 1074, 1075, 1094, 1093, 2
1019, 1075, 1076, 1095, 1094, 2
1020, 1076, 1077, 1096, 1095, 2
1021, 1077, 1078, 1097, 1096, 2
1022, 1078, 1079, 1098, 1097, 2
1023, 1079, 1080, 1099, 1098, 1
1024, 1080, 1081, 1100, 1099, 1
1025, 1081, 1082, 1101, 1100, 1
1026, 1082, 1083, 1102, 1101, 1
1027, 1084, 1085, 1104, 1103, 1
1028, 1085, 1086, 1105, 1104, 1
1029, 1086, 1087, 1106, 1105, 1
1030, 1087, 1088, 1107, 1106, 1
1031, 1088, 1089, 1108, 1107, 2
1032, 1089, 1090, 1109, 1108, 2
1033, 1090, 1091, 1110, 1109, 2
1034, 1091, 1092, 1111, 1110, 2
1035, 1092, 1093, 1112, 1111, 2
1036, 1093, 1094, 1113, 1112, 2
1037, 1094, 1095, 1114, 1113, 2
1038, 1095, 1096, 1115, 1114, 2
1039, 1096, 1097, 1116, 1115, 2
1040, 1097, 1098, 1117, 1116, 2
1041, 1098, 1099, 1118, 1117, 1
1042, 1099, 1100, 1119, 1118, 1
1043, 1100, 1101, 1120, 1119, 1
1044, 1101, 1102, 1121, 1120, 1
1045, 1103, 1104, 1123, 1122, 1
1046, 1104, 1105, 1124, 1123, 1
1047, 1105, 1106, 1125, 1124, 1
1048, 1106, 1107, 1126, 1125, 1
1049, 1107, 1108, 1127, 1126, 2
1050, 1108, 1109, 1128, 1127, 2
1051, 1109, 1110, 1129, 1128, 2
1052, 1110, 1111, 1130, 1129, 2
1053, 1111, 1112, 1131, 1130, 2
1054, 1112, 1113, 1132, 1131, 2
1055, 1113, 1114, 1133, 1132, 2
1056, 1114, 1115, 1134, 1133, 2
1057, 1115, 1116, 1135, 1134, 2
1058, 1116, 1117, 1136, 1135, 2
1059, 1117, 1118, 1137, 1136, 1
1060, 1118, 1119, 1138, 1137, 1
1061, 1119, 1120, 1139, 1138, 1
1062, 1120, 1121, 1140, 1139, 1
1063, 1122, 1123, 1142, 1141, 1
1064, 1123, 1124, 1143, 1142, 1
1065, 1124, 1125, 1144, 1143, 1
1066, 1125, 1126, 1145, 1144, 1
1067, 1126, 1127, 1146, 1145, 2
1068, 1127, 1128, 1147, 1146, 2
1069, 1128, 1129, 1148, 1147, 2
1070, 1129, 1130, 1149, 1148, 2
1071, 1130, 1131, 1150, 1149, 2
1072, 1131, 1132, 1151, 1150, 2
1073, 1132, 1133, 1152, 1151, 2
1074, 1133, 1134, 1153, 1152, 2
1075, 1134, 1135, 1154, 1153, 2
1076, 1135, 1136, 1155, 1154, 2
1077, 1136, 1137, 1156, 1155, 1
1078, 1137, 1138, 1157, 1156, 1
1079, 1138, 1139, 1158, 1157, 1
1080, 1139, 1140, 1159, 1158, 1
1081, 1141, 1142, 1161, 1160, 1
1082, 1142, 1143, 1162, 1161, 1
1083, 1143, 1144, 1163, 1162, 1
1084, 1144, 1145, 1164, 1163, 1
1085, 1145, 1146, 1165, 1164, 2
1086, 1146, 1147, 1166, 1165, 2
1087, 1147, 1148, 1167, 1166, 2
1088, 1148, 1149, 1168, 1167, 2
1089, 1149, 1150, 1169, 1168, 2
1090, 1150, 1151, 1170, 1169, 2
1091, 1151, 1152, 1171, 1170, 2
1092, 1152, 1153, 1172, 1171, 2
1093, 1153, 1154, 1173, 1172, 2
1094, 1154, 1155, 1174, 1173, 2
1095, 1155, 1156, 1175, 1174, 1
1096, 1156, 1157, 1176, 1175, 1
1097, 1157, 1158, 1177, 1176, 1
1098, 1158, 1159, 1178, 1177, 1
1099, 1160, 1161, 1180, 1179, 1
1100, 1161, 1162, 1181, 1180, 1
1101, 1162, 1163, 1182, 1181, 1
1102, 1163, 1164, 1183, 1182, 1
1103, 1164, 1165, 1184, 1183, 2
1104, 1165, 1166, 1185, 1184, 2
1105, 1166, 1167, 1186, 1185, 2
1106, 1167, 1168, 1187, 1186, 2
1107, 1168, 1169, 1188, 1187, 2
1108, 1169, 1170, 1189, 1188, 2
1109, 1170, 1171, 1190, 1189, 2
1110, 1171, 1172, 1191, 1190, 2
1111, 1172, 1173, 1192, 1191, 2
1112, 1173, 1174, 1193, 1192, 2
1113, 1174, 1175, 1194, 1193, 1
1114, 1175, 1176, 1195, 1194, 1
1115, 1176, 1177, 1196, 1195, 1
1116, 1177, 1178, 1197, 1196, 1
1117, 1179, 1180, 1199, 1198, 1
1118, 1180, 1181, 1200, 1199, 1
1119, 1181, 1182, 1201, 1200, 1
1120, 1182, 1183, 1202, 1201, 1
1121, 1183, 1184, 1203, 1202, 2
1122, 1184, 1185, 1204, 1203, 2
1123, 1185, 1186, 1205, 1204, 2
1124, 1186, 1187, 1206, 1205, 2
1125, 1187, 1188, 1207, 1206, 2
1126, 1188, 1189, 1208, 1207, 2
1127, 1189, 1190, 1209, 1208, 2
1128, 1190, 1191, 1210, 1209, 2
1129, 1191, 1192, 1211, 1210, 2
1130, 1192, 1193, 1212, 1211, 2
1131, 1193, 1194, 1213, 1212, 1
1132, 1194, 1195, 1214, 1213, 1
1133, 1195, 1196, 1215, 1214, 1
1134, 1196, 1197, 1216, 1215, 1
1135, 1198, 1199, 1218, 1217, 1
1136, 1199, 1200, 1219, 1218, 1
1137, 1200, 1201, 1220, 1219, 1
1138, 1201, 1202, 1221, 1220, 1
1139, 1202, 1203, 1222, 1221, 2
1140, 1203, 1204, 1223, 1222, 2
1141, 1204, 1205, 1224, 1223, 2
1142, 1205, 1206, 1225, 1224, 2
1143, 1206, 1207, 1226, 1225, 2
1144, 1207, 1208, 1227, 1226, 2
1145, 1208, 1209, 1228, 1227, 2
1146, 1209, 1210, 1229, 1228, 2
1147, 1210, 1211, 1230, 1229, 2
1148, 1211, 1212, 1231, 1230, 2
1149, 1212, 1213, 1232, 1231, 1
1150, 1213, 1214, 1233, 1232, 1
1151, 1214, 1215, 1234, 1233, 1
1152, 1215, 1216, 1235, 1234, 1
1153, 1217, 1218, 1237, 1236, 1
1154, 1218, 1219, 1238, 1237, 1
1155, 1219, 1220, 1239, 1238, 1
1156, 1220, 1221, 1240, 1239, 1
1157, 1221, 1222, 1241, 1240, 2
1158, 1222, 1223, 1242, 1241, 2
1159, 1223, 1224, 1243, 1242, 2
1160, 1224, 1225, 1244, 1243, 2
1161, 1225, 1226, 1245, 1244, 2
1162, 1226, 1227, 1246, 1245, 2
1163, 1227, 1228, 1247, 1246, 2
1164, 1228, 1229, 1248, 1247, 2
1165, 1229, 1230, 1249, 1248, 2
1166, 1230, 1231, 1250, 1249, 2
1167, 1231, 1232, 1251, 1250, 1
1168, 1232, 1233, 1252, 1251, 1
1169, 1233, 1234, 1253, 1252, 1
1170, 1234, 1235, 1254, 1253, 1
1171, 1236, 1237, 1256, 1255, 1
1172, 1237, 1238, 1257, 1256, 1
1173, 1238, 1239, 1258, 1257, 1
1174, 1239, 1240, 1259, 1258, 1
1175, 1240, 1241, 1260, 1259, 2
1176, 1241, 1242, 1261, 1260, 2
1177, 1242, 1243, 1262, 1261, 2
1178, 1243, 1244, 1263, 1262, 2
1179, 1244, 1245, 1264, 1263, 2
1180, 1245, 1246, 1265, 1264, 2
1181, 1246, 1247, 1266, 1265, 2
1182, 1247, 1248, 1267, 1266, 2
1183, 1248, 1249, 1268, 1267, 2
1184, 1249, 1250, 1269, 1268, 2
1185, 1250, 1251, 1270, 1269, 1
1186, 1251, 1252, 1271, 1270, 1
1187, 1252, 1253, 1272, 1271, 1
1188, 1253, 1254, 1273, 1272, 1
1189, 1255, 1256, 1275, 1274, 1
1190, 1256, 1257, 1276, 1275, 1
1191, 1257, 1258, 1277, 1276, 1
1192, 1258, 1259, 1278, 1277, 1
1193, 1259, 1260, 1279, 1278, 2
1194, 1260, 1261, 1280, 1279, 2
1195, 1261, 1262, 1281, 1280, 2
1196, 1262, 1263, 1282, 1281, 2
1197, 1263, 1264, 1283, 1282, 2
1198, 1264, 1265, 1284, 1283, 2
1199, 1265, 1266, 1285, 1284, 2
1200, 1266, 1267, 1286, 1285, 2
1201, 1267, 1268, 1287, 1286, 2
1202, 1268, 1269, 1288, 1287, 2
1203, 1269, 1270, 1289, 1288, 1
1204, 1270, 1271, 1290, 1289, 1
1205, 1271, 1272, 1291, 1290, 1
1206, 1272, 1273, 1292, 1291, 1
1207, 1274, 1275, 1294, 1293, 1
1208, 1275, 1276, 1295, 1294, 1
1209, 1276, 1277, 1296, 1295, 1
1210, 1277, 1278, 1297, 1296, 1
1211, 1278, 1279, 1298, 1297, 2
1212, 1279, 1280, 1299, 1298, 2
1213, 1280, 1281, 1300, 1299, 2
1214, 1281, 1282, 1301, 1300, 2
1215, 1282, 1283, 1302, 1301, 2
1216, 1283, 1284, 1303, 1302, 2
1217, 1284, 1285, 1304, 1303, 2
1218, 1285, 1286, 1305, 1304, 2
1219, 1286, 1287, 1306, 1305, 2
1220, 1287, 1288, 1307, 1306, 2
1221, 1288, 1289, 1308, 1307, 1
1222, 1289, 1290, 1309, 1308, 1
1223, 1290, 1291, 1310, 1309, 1
1224, 1291, 1292, 1311, 1310, 1
1225, 1293, 1294, 1313, 1312, 1
1226, 1294, 1295, 1314, 1313, 1
1227, 1295, 1296, 1315, 1314, 1
1228, 1296, 1297, 1316, 1315, 1
1229, 1297, 1298, 1317, 1316, 2
1230, 1298, 1299, 1318, 1317, 2
1231, 1299, 1300, 1319, 1318, 2
1232, 1300, 1301, 1320, 1319, 2
1233, 1301, 1302, 1321, 1320, 2
1234, 1302, 1303, 1322, 1321, 2
1235, 1303, 1304, 1323, 1322, 2
1236, 1304, 1305, 1324, 1323, 2
1237, 1305, 1306, 1325, 1324, 2
1238, 1306, 1307, 1326, 1325, 2
1239, 1307, 1308, 1327, 1326, 1
1240, 1308, 1309, 1328, 1327, 1
1241, 1309, 1310, 1329, 1328, 1
1242, 1310, 1311, 1330, 1329, 1
1243, 1312, 1313, 1332, 1331, 1
1244, 1313, 1314, 1333, 1332, 1
1245, 1314, 1315, 1334, 1333, 1
1246, 1315, 1316, 1335, 1334, 1
1247, 1316, 1317, 1336, 1335, 2
1248, 1317, 1318, 1337, 1336, 2
1249, 1318, 1319, 1338, 1337, 2
1250, 1319, 1320, 1339, 1338, 2
1251, 1320, 1321, 1340, 1339, 2
1252, 1321, 1322, 1341, 1340, 2
1253, 1322, 1323, 1342, 1341, 2
1254, 1323, 1324, 1343, 1342, 2
1255, 1324, 1325, 1344, 1343, 2
1256, 1325, 1326, 1345, 1344, 2
1257, 1326, 1327, 1346, 1345, 1
1258, 1327, 1328, 1347, 1346, 1
1259, 1328, 1329, 1348, 1347, 1
1260, 1329, 1330, 1349, 1348, 1
1261, 1331, 1332, 1351, 1350, 1
1262, 1332, 1333, 1352, 1351, 1
1263, 1333, 1334, 1353, 1352, 1
1264, 1334, 1335, 1354, 1353, 1
1265, 1335, 1336, 1355, 1354, 2
1266, 1336, 1337, 1356, 1355, 2
1267, 1337, 1338, 1357, 1356, 2
1268, 1338, 1339, 1358, 1357, 2
1269, 1339, 1340, 1359, 1358, 2
1270, 1340, 1341, 1360, 1359, 2
1271, 1341, 1342, 1361, 1360, 2
1272, 1342, 1343, 1362, 1361, 2
1273, 1343, 1344, 1363, 1362, 2
1274, 1344, 1345, 1364, 1363, 2
1275, 1345, 1346, 1365, 1364, 1
1276, 1346, 1347, 1366, 1365, 1
1277, 1347, 1348, 1367, 1366, 1
1278, 1348, 1349, 1368, 1367, 1
1279, 1350, 1351, 1370, 1369, 1
1280, 1351, 1352, 1371, 1370, 1
1281, 1352, 1353, 1372, 1371, 1
1282, 1353, 1354, 1373, 1372, 1
1283, 1354, 1355, 1374, 1373, 2
1284, 1355, 1356, 1375, 1374, 2
1285, 1356, 1357, 1376, 1375, 2
1286, 1357, 1358, 1377, 1376, 2
1287, 1358, 1359, 1378, 1377, 2
1288, 1359, 1360, 1379, 1378, 2
1289, 1360, 1361, 1380, 1379, 2
1290, 1361, 1362, 1381, 1380, 2
1291, 1362, 1363, 1382, 1381, 2
1292, 1363, 1364, 1383, 1382, 2
1293, 1364, 1365, 1384, 1383, 1
1294, 1365, 1366, 1385, 1384, 1
1295, 1366, 1367, 1386, 1385, 1
1296, 1367, 1368, 1387, 1386, 1
1297, 1369, 1370, 1389, 1388, 1
1298, 1370, 1371, 1390, 1389, 1
1299, 1371, 1372, 1391, 1390, 1
1300, 1372, 1373, 1392, 1391, 1
1301, 1373, 1374, 1393, 1392, 2
1302, 1374, 1375, 1394, 1393, 2
1303, 1375, 1376, 1395, 1394, 2
1304, 1376, 1377, 1396, 1395, 2
1305, 1377, 1378, 1397, 1396, 2
1306, 1378, 1379, 1398, 1397, 2
1307, 1379, 1380, 1399, 1398, 2
1308, 1380, 1381, 1400, 1399, 2
1309, 1381, 1382, 1401, 1400, 2
1310, 1382, 1383, 1402, 1401, 2
1311, 1383, 1384, 1403, 1402, 1
1312, 1384, 1385, 1404, 1403, 1
1313, 1385, 1386, 1405, 1404, 1
1314, 1386, 1387, 1406, 1405, 1
1315, 1388, 1389, 1408, 1407, 1
1316, 1389, 1390, 1409, 1408, 1
1317, 1390, 1391, 1410, 1409, 1
1318, 1391, 1392, 1411, 1410, 1
1319, 1392, 1393, 1412, 1411, 2
1320, 1393, 1394, 1413, 1412, 2
1321, 1394, 1395, 1414, 1413, 2
1322, 1395, 1396, 1415, 1414, 2
1323, 1396, 1397, 1416, 1415, 2
1324, 1397, 1398, 1417, 1416, 2
1325, 1398, 1399, 1418, 1417, 2
1326, 1399, 1400, 1419, 1418, 2
1327, 1400, 1401, 1420, 1419, 2
1328, 1401, 1402, 1421, 1420, 2
1329, 1402, 1403, 1422, 1421, 1
1330, 1403, 1404, 1423, 1422, 1
1331, 1404, 1405, 1424, 1423, 1
1332, 1405, 1406, 1425, 1424, 1
1333, 1407, 1408, 1427, 1426, 1
1334, 1408, 1409, 1428, 1427, 1
1335, 1409, 1410, 1429, 1428, 1
1336, 1410, 1411, 1430, 1429, 1
1337, 1411, 1412, 1431, 1430, 2
1338, 1412, 1413, 1432, 1431, 2
1339, 1413, 1414, 1433, 1432, 2
1340, 1414, 1415, 1434, 1433, 2
1341, 1415, 1416, 1435, 1434, 2
1342, 1416, 1417, 1436, 1435, 2
1343, 1417, 1418, 1437, 1436, 2
1344, 1418, 1419, 1438, 1437, 2
1345, 1419, 1420, 1439, 1438, 2
1346, 1420, 1421, 1440, 1439, 2
1347, 1421, 1422, 1441, 1440, 1
1348, 1422, 1423, 1442, 1441, 1
1349, 1423, 1424, 1443, 1442, 1
1350, 1424, 1425, 1444, 1443, 1
1351, 1426, 1427, 1446, 1445, 1
1352, 1427, 1428, 1447, 1446, 1
1353, 1428, 1429, 1448, 1447, 1
1354, 1429, 1430, 1449, 1448, 1
1355, 1430, 1431, 1450, 1449, 2
1356, 1431, 1432, 1451, 1450, 2
1357, 1432, 1433, 1452, 1451, 2
1358, 1433, 1434, 1453, 1452, 2
1359, 1434, 1435, 1454, 1453, 2
1360, 1435, 1436, 1455, 1454, 2
1361, 1436, 1437, 1456, 1455, 2
1362, 1437, 1438, 1457, 1456, 2
1363, 1438, 1439, 1458, 1457, 2
1364, 1439, 1440, 1459, 1458, 2
1365, 1440, 1441, 1460, 1459, 1
1366, 1441, 1442, 1461, 1460, 1
1367, 1442, 1443, 1462, 1461, 1
1368, 1443, 1444, 1463, 1462, 1
1369, 1445, 1446, 1465, 1464, 1
1370, 1446, 1447, 1466, 1465, 1
1371, 1447, 1448, 1467, 1466, 1
1372, 1448, 1449, 1468, 1467, 1
1373, 1449, 1450, 1469, 1468, 2
1374, 1450, 1451, 1470, 1469, 2
1375, 1451, 1452, 1471, 1470, 2
1376, 1452, 1453, 1472, 1471, 2
1377, 1453, 1454, 1473, 1472, 2
1378, 1454, 1455, 1474, 1473, 2
1379, 1455, 1456, 1475, 1474, 2
1380, 1456, 1457, 1476, 1475, 2
1381, 1457, 1458, 1477, 1476, 2
1382, 1458, 1459, 1478, 1477, 2
1383, 1459, 1460, 1479, 1478, 1
1384, 1460, 1461, 1480, 1479, 1
1385, 1461, 1462, 1481, 1480, 1
1386, 1462, 1463, 1482, 1481, 1
1387, 1464, 1465, 1484, 1483, 1
1388, 1465, 1466, 1485, 1484, 1
1389, 1466, 1467, 1486, 1485, 1
1390, 1467, 1468, 1487, 1486, 1
1391, 1468, 1469, 1488, 1487, 2
1392, 1469, 1470, 1489, 1488, 2
1393, 1470, 1471, 1490, 1489, 2
1394, 1471, 1472, 1491, 1490, 2
1395, 1472, 1473, 1492, 1491, 2
1396, 1473, 1474, 1493, 1492, 2
1397, 1474, 1475, 1494, 1493, 2
1398, 1475, 1476, 1495, 1494, 2
1399, 1476, 1477, 1496, 1495, 2
1400, 1477, 1478, 1497, 1496, 2
1401, 1478, 1479, 1498, 1497, 1
1402, 1479, 1480, 1499, 1498, 1
1403, 1480, 1481, 1500, 1499, 1
1404, 1481, 1482, 1501, 1500, 1
1405, 1483, 1484, 1503, 1502, 1
1406, 1484, 1485, 1504, 1503, 1
1407, 1485, 1486, 1505, 1504, 1
1408, 1486, 1487, 1506, 1505, 1
1409, 1487, 1488, 1507, 1506, 2
1410, 1488, 1489, 1508, 1507, 2
1411, 1489, 1490, 1509, 1508, 2
1412, 1490, 1491, 1510, 1509, 2
1413, 1491, 1492, 1511, 1510, 2
1414, 1492, 1493, 1512, 1511, 2
1415, 1493, 1494, 1513, 1512, 2
1416, 1494, 1495, 1514, 1513, 2
1417, 1495, 1496, 1515, 1514, 2
1418, 1496, 1497, 1516, 1515, 2
1419, 1497, 1498, 1517, 1516, 1
1420, 1498, 1499, 1518, 1517, 1
1421, 1499, 1500, 1519, 1518, 1
1422, 1500, 1501, 1520, 1519, 1
1423, 1502, 1503, 1522, 1521, 1
1424, 1503, 1504, 1523, 1522, 1
1425, 1504, 1505, 1524, 1523, 1
1426, 1505, 1506, 1525, 1524, 1
1427, 1506, 1507, 1526, 1525, 2
1428, 1507, 1508, 1527, 1526, 2
1429, 1508, 1509, 1528, 1527, 2
1430, 1509, 1510, 1529, 1528, 2
1431, 1510, 1511, 1530, 1529, 2
1432, 1511, 1512, 1531, 1530, 2
1433, 1512, 1513, 1532, 1531, 2
1434, 1513, 1514, 1533, 1532, 2
1435, 1514, 1515, 1534, 1533, 2
1436, 1515, 1516, 1535, 1534, 2
1437, 1516, 1517, 1536, 1535, 1
1438, 1517, 1518, 1537, 1536, 1
1439, 1518, 1519, 1538, 1537, 1
1440, 1519, 1520, 1539, 1538, 1
*BC
1:0, 20:0, 39:0, 58:0, 77:0, 96:0, 115:0, 134:0, 153:0, 172:0, 191:0, 210:0, 229:0, 248:0, 267:0, 286:0, 305:0, 324:0, 343:0, 362:0, 381:0, 400:0, 419:0, 438:0, 457:0, 476:0, 495:0, 514:0, 533:0, 552:0, 571:0, 590:0, 609:0, 628:0, 647:0, 666:0, 685:0, 704:0, 723:0, 742:0, 761:0, 780:0, 799:0, 818:0, 837:0, 856:0, 875:0, 894:0, 913:0, 932:0, 951:0, 970:0, 989:0, 1008:0, 1027:0, 1046:0, 1065:0, 1084:0, 1103:0, 1122:0, 1141:0, 1160:0, 1179:0, 1198:0, 1217:0, 1236:0, 1255:0, 1274:0, 1293:0, 1312:0, 1331:0, 1350:0, 1369:0, 1388:0, 1407:0, 1426:0, 1445:0, 1464:0, 1483:0, 1502:0, 1521:0, 19:20, 38:20, 57:20, 76:20, 95:20, 114:20, 133:20, 152:20, 171:20, 190:20, 209:20, 228:20, 247:20, 266:20, 285:20, 304:20, 323:20, 342:20, 361:20, 380:20, 399:20, 418:20, 437:20, 456:20, 475:20, 494:20, 513:20, 532:20, 551:20, 570:20, 589:20, 608:20, 627:20, 646:20, 665:20, 684:20, 703:20, 722:20, 741:20, 760:20, 779:20, 798:20, 817:20, 836:20, 855:20, 874:20, 893:20, 912:20, 931:20, 950:20, 969:20, 988:20, 1007:20, 1026:20, 1045:20, 1064:20, 1083:20, 1102:20, 1121:20, 1140:20, 1159:20, 1178:20, 1197:20, 1216:20, 1235:20, 1254:20, 1273:20, 1292:20, 1311:20, 1330:20, 1349:20, 1368:20, 1387:20, 1406:20, 1425:20, 1444:20, 1463:20, 1482:20, 1501:20, 1520:20, 1539:20
